1000
306 340 1
228 915 1
168 635 1
52 689 1
112 740 1
635 781 1
679 787 1
54 735 1
183 620 1
609 728 1
62 101 1
485 958 1
853 859 1
883 967 1
371 792 1
13 330 1
285 523 1
496 972 1
413 974 1
213 620 1
397 966 1
28 574 1
225 859 1
422 915 1
329 687 1
191 982 1
359 566 1
92 222 1
248 698 1
17 48 1
117 400 1
475 633 1
20 238 1
226 572 1
372 397 1
776 975 1
49 646 1
530 690 1
576 806 1
306 945 1
139 539 1
89 947 1
20 359 1
801 924 1
367 403 1
699 876 1
152 249 1
542 929 1
269 770 1
153 824 1
206 606 1
85 545 1
539 752 1
370 943 1
203 537 1
590 717 1
156 196 1
87 362 1
8 483 1
180 940 1
488 827 1
381 435 1
497 997 1
79 255 1
184 537 1
805 884 1
115 437 1
394 495 1
347 420 1
311 497 1
154 550 1
715 846 1
333 781 1
362 435 1
141 207 1
77 680 1
705 774 1
89 505 1
359 366 1
457 672 1
316 733 1
346 841 1
833 959 1
593 718 1
367 900 1
133 733 1
143 926 1
91 736 1
177 510 1
839 895 1
522 959 1
589 720 1
225 672 1
315 336 1
163 733 1
584 726 1
98 752 1
874 973 1
478 973 1
244 806 1
560 783 1
323 870 1
450 911 1
188 911 1
169 403 1
760 844 1
6 116 1
479 565 1
658 796 1
121 857 1
778 861 1
579 917 1
49 688 1
1 940 1
246 744 1
332 932 1
748 847 1
794 963 1
720 748 1
95 696 1
38 162 1
361 586 1
116 755 1
570 696 1
239 825 1
354 812 1
76 538 1
664 974 1
53 591 1
59 113 1
542 984 1
421 694 1
63 757 1
348 889 1
368 989 1
65 951 1
298 600 1
41 715 1
99 656 1
33 302 1
175 422 1
1 498 1
207 603 1
143 847 1
611 952 1
283 598 1
15 554 1
307 433 1
27 793 1
140 670 1
489 824 1
448 557 1
54 374 1
36 734 1
564 890 1
125 254 1
186 678 1
0 259 1
318 834 1
860 888 1
376 546 1
362 611 1
274 498 1
279 842 1
67 205 1
311 794 1
237 616 1
259 375 1
283 732 1
470 558 1
179 611 1
619 802 1
66 855 1
50 93 1
922 961 1
466 681 1
540 630 1
19 635 1
500 679 1
579 972 1
560 730 1
151 525 1
104 450 1
637 684 1
829 854 1
194 343 1
347 622 1
433 625 1
6 292 1
166 281 1
503 869 1
289 351 1
280 797 1
390 928 1
216 812 1
431 700 1
7 409 1
106 351 1
171 746 1
704 980 1
234 802 1
185 536 1
400 461 1
534 690 1
350 869 1
64 246 1
363 579 1
110 362 1
99 240 1
238 813 1
52 128 1
494 998 1
227 654 1
78 302 1
231 544 1
726 752 1
616 880 1
564 690 1
163 346 1
55 318 1
275 587 1
168 195 1
475 877 1
425 531 1
277 367 1
101 141 1
18 372 1
840 975 1
78 423 1
4 474 1
31 311 1
22 491 1
421 762 1
75 354 1
351 703 1
84 588 1
328 719 1
529 709 1
87 364 1
196 765 1
210 434 1
182 372 1
240 727 1
56 906 1
854 886 1
482 489 1
89 265 1
66 547 1
723 817 1
508 663 1
165 260 1
694 789 1
191 434 1
306 384 1
209 488 1
314 504 1
71 783 1
52 504 1
312 845 1
353 846 1
694 910 1
292 378 1
333 904 1
489 663 1
332 908 1
253 386 1
510 951 1
744 852 1
651 661 1
197 225 1
292 499 1
302 921 1
520 851 1
800 905 1
500 613 1
211 510 1
615 859 1
422 730 1
35 284 1
265 975 1
232 569 1
295 854 1
603 741 1
160 400 1
27 56 1
63 504 1
193 991 1
351 382 1
889 960 1
433 451 1
732 747 1
83 338 1
47 644 1
478 867 1
7 464 1
282 403 1
287 518 1
820 981 1
14 359 1
514 911 1
896 976 1
187 287 1
361 588 1
70 870 1
584 862 1
264 655 1
88 695 1
308 698 1
528 701 1
473 765 1
393 742 1
167 170 1
38 285 1
722 917 1
543 807 1
507 884 1
653 709 1
312 645 1
60 838 1
267 350 1
67 999 1
555 938 1
148 964 1
715 782 1
71 946 1
478 546 1
120 838 1
432 844 1
31 500 1
173 849 1
448 788 1
281 382 1
404 718 1
45 556 1
149 384 1
245 321 1
71 959 1
60 275 1
216 788 1
450 726 1
469 739 1
23 918 1
578 911 1
707 796 1
314 801 1
181 686 1
373 627 1
276 731 1
279 965 1
716 737 1
158 446 1
402 806 1
28 336 1
561 799 1
728 976 1
5 581 1
255 500 1
788 963 1
447 670 1
108 975 1
278 632 1
350 737 1
883 971 1
437 625 1
13 334 1
445 745 1
637 915 1
35 352 1
655 969 1
125 511 1
369 871 1
135 704 1
808 918 1
51 710 1
29 399 1
116 812 1
553 813 1
616 869 1
527 531 1
857 931 1
494 879 1
53 648 1
342 522 1
391 643 1
363 810 1
197 777 1
329 933 1
711 998 1
736 762 1
768 980 1
221 353 1
441 585 1
234 817 1
89 133 1
75 235 1
335 603 1
266 998 1
233 821 1
536 593 1
866 993 1
791 819 1
328 829 1
636 716 1
147 259 1
900 991 1
747 934 1
527 665 1
425 654 1
137 187 1
543 646 1
45 598 1
489 531 1
346 482 1
134 828 1
170 485 1
791 832 1
328 842 1
157 960 1
513 595 1
131 907 1
552 671 1
290 442 1
466 604 1
55 804 1
181 620 1
221 958 1
390 501 1
515 910 1
802 940 1
212 909 1
293 568 1
364 448 1
42 434 1
388 842 1
594 910 1
186 856 1
253 617 1
55 107 1
290 684 1
262 329 1
547 727 1
700 969 1
13 268 1
582 684 1
494 571 1
232 800 1
667 728 1
281 692 1
396 679 1
216 977 1
150 623 1
788 910 1
567 682 1
92 389 1
553 747 1
79 864 1
145 171 1
95 579 1
222 354 1
34 569 1
686 983 1
259 687 1
39 418 1
551 795 1
644 757 1
69 526 1
542 975 1
154 341 1
112 115 1
34 690 1
201 574 1
110 190 1
808 986 1
333 464 1
255 810 1
81 657 1
669 827 1
840 911 1
28 767 1
102 716 1
220 708 1
34 932 1
370 652 1
226 873 1
133 416 1
606 865 1
215 714 1
495 768 1
333 706 1
580 583 1
346 416 1
117 593 1
259 942 1
106 434 1
826 989 1
160 899 1
508 599 1
387 538 1
175 655 1
105 596 1
330 943 1
333 948 1
223 322 1
489 707 1
219 846 1
508 720 1
401 594 1
406 672 1
700 890 1
459 535 1
59 830 1
413 833 1
86 438 1
47 446 1
415 613 1
0 371 1
120 961 1
499 728 1
402 795 1
209 666 1
404 612 1
339 860 1
862 901 1
153 212 1
350 497 1
340 977 1
269 508 1
254 385 1
429 911 1
369 631 1
19 747 1
57 221 1
245 686 1
69 231 1
60 640 1
528 745 1
137 631 1
128 811 1
692 853 1
296 395 1
208 282 1
59 159 1
281 989 1
270 342 1
522 563 1
746 981 1
47 943 1
238 696 1
539 624 1
40 940 1
122 484 1
474 643 1
193 364 1
776 981 1
99 473 1
379 527 1
164 602 1
84 350 1
694 767 1
685 984 1
308 997 1
146 935 1
91 245 1
135 251 1
71 761 1
186 482 1
84 471 1
15 371 1
851 872 1
362 415 1
127 777 1
865 928 1
307 600 1
28 956 1
453 839 1
133 605 1
403 429 1
224 723 1
124 785 1
466 485 1
311 611 1
393 946 1
434 947 1
88 310 1
76 973 1
79 490 1
277 734 1
390 611 1
156 444 1
161 788 1
260 272 1
22 629 1
448 966 1
116 264 1
302 683 1
404 667 1
10 511 1
395 847 1
196 903 1
677 947 1
107 565 1
466 619 1
359 493 1
56 455 1
196 206 1
179 562 1
132 221 1
238 388 1
752 838 1
500 738 1
247 329 1
117 448 1
609 910 1
306 872 1
667 851 1
415 815 1
344 346 1
417 861 1
30 186 1
43 125 1
72 826 1
452 818 1
218 651 1
223 995 1
37 576 1
565 695 1
69 528 1
8 289 1
379 461 1
766 870 1
112 346 1
516 695 1
562 582 1
845 870 1
905 921 1
289 652 1
335 539 1
85 364 1
558 813 1
328 765 1
336 885 1
266 826 1
236 883 1
134 872 1
34 705 1
483 760 1
726 932 1
36 485 1
729 937 1
520 534 1
420 596 1
492 701 1
516 829 1
152 781 1
96 886 1
501 827 1
854 945 1
587 830 1
366 373 1
302 846 1
429 658 1
272 711 1
240 907 1
73 730 1
78 845 1
53 263 1
232 494 1
115 619 1
49 265 1
408 841 1
7 268 1
315 384 1
793 948 1
347 373 1
123 564 1
394 569 1
6 164 1
630 782 1
275 325 1
104 443 1
288 789 1
348 574 1
135 695 1
52 926 1
556 725 1
332 980 1
8 102 1
404 856 1
113 155 1
422 910 1
604 621 1
370 454 1
97 295 1
215 287 1
294 580 1
25 392 1
560 736 1
472 623 1
475 857 1
103 231 1
122 244 1
369 875 1
22 242 1
66 285 1
238 806 1
304 342 1
488 688 1
273 763 1
815 817 1
350 983 1
240 357 1
50 462 1
284 400 1
164 712 1
585 742 1
218 948 1
290 299 1
205 228 1
604 876 1
645 648 1
428 650 1
229 935 1
129 768 1
91 247 1
638 645 1
71 763 1
47 140 1
71 534 1
15 373 1
147 263 1
914 930 1
710 871 1
784 820 1
30 846 1
328 954 1
380 592 1
751 764 1
85 674 1
286 664 1
65 436 1
503 554 1
510 944 1
524 613 1
615 960 1
90 92 1
125 315 1
520 844 1
165 616 1
662 668 1
113 197 1
175 846 1
426 428 1
137 325 1
315 560 1
311 855 1
256 919 1
204 500 1
639 657 1
257 511 1
29 95 1
691 968 1
327 691 1
445 683 1
278 920 1
185 463 1
59 95 1
410 810 1
737 976 1
669 926 1
679 863 1
233 517 1
141 699 1
884 972 1
194 525 1
139 589 1
111 756 1
498 936 1
83 694 1
685 799 1
938 979 1
745 813 1
344 469 1
297 394 1
121 168 1
117 463 1
685 920 1
624 644 1
314 418 1
263 638 1
367 466 1
336 887 1
330 813 1
421 702 1
352 831 1
80 143 1
360 426 1
346 528 1
48 605 1
92 648 1
28 892 1
284 818 1
377 780 1
503 596 1
121 302 1
164 901 1
356 842 1
698 808 1
230 474 1
63 68 1
23 898 1
826 993 1
89 434 1
39 88 1
99 893 1
67 308 1
314 673 1
135 442 1
520 778 1
0 254 1
948 996 1
538 832 1
63 310 1
818 886 1
367 721 1
224 901 1
72 507 1
383 665 1
217 898 1
593 660 1
26 512 1
512 671 1
0 267 1
473 679 1
679 784 1
35 453 1
67 671 1
58 622 1
149 969 1
56 512 1
685 720 1
9 208 1
883 964 1
382 682 1
76 117 1
576 669 1
364 520 1
102 520 1
910 959 1
720 798 1
202 872 1
39 585 1
89 702 1
498 870 1
18 233 1
78 284 1
465 693 1
644 924 1
500 687 1
164 472 1
563 972 1
359 684 1
218 708 1
18 354 1
145 351 1
37 754 1
91 236 1
349 760 1
27 709 1
692 870 1
2 652 1
72 896 1
59 405 1
652 919 1
757 935 1
31 77 1
454 934 1
569 655 1
701 811 1
78 768 1
348 363 1
680 873 1
363 937 1
77 314 1
135 255 1
425 768 1
474 889 1
913 936 1
314 378 1
203 776 1
188 424 1
559 825 1
115 784 1
156 556 1
532 843 1
141 433 1
335 972 1
121 491 1
57 964 1
681 828 1
610 884 1
18 972 1
367 897 1
274 440 1
246 607 1
908 955 1
512 726 1
185 331 1
190 446 1
406 744 1
100 674 1
415 685 1
542 726 1
404 792 1
233 385 1
178 449 1
491 680 1
931 952 1
72 696 1
540 801 1
130 903 1
341 857 1
196 210 1
41 336 1
767 965 1
183 914 1
577 804 1
482 981 1
259 680 1
166 452 1
262 685 1
795 919 1
13 624 1
627 783 1
546 858 1
183 806 1
764 788 1
287 634 1
395 396 1
553 753 1
252 761 1
434 509 1
150 750 1
299 994 1
519 997 1
527 592 1
692 925 1
186 299 1
263 519 1
543 802 1
376 396 1
9 868 1
265 299 1
395 530 1
479 938 1
757 882 1
500 997 1
121 183 1
879 993 1
334 412 1
91 425 1
30 903 1
39 908 1
54 250 1
157 900 1
121 425 1
202 498 1
372 946 1
279 718 1
325 834 1
66 610 1
322 536 1
186 904 1
28 89 1
487 603 1
566 667 1
1 858 1
629 952 1
18 798 1
147 683 1
224 903 1
619 907 1
283 958 1
130 487 1
154 844 1
883 953 1
184 723 1
13 87 1
450 842 1
665 730 1
197 396 1
615 909 1
771 897 1
260 681 1
66 852 1
102 509 1
354 501 1
774 794 1
218 576 1
97 286 1
88 732 1
560 956 1
257 689 1
175 327 1
278 977 1
6 289 1
9 560 1
41 283 1
748 899 1
220 514 1
563 853 1
26 877 1
12 750 1
240 577 1
262 861 1
143 644 1
481 639 1
563 974 1
101 125 1
875 980 1
340 407 1
166 520 1
9 573 1
817 975 1
461 818 1
617 806 1
42 871 1
817 867 1
407 703 1
522 690 1
352 767 1
236 821 1
112 297 1
184 402 1
543 749 1
189 251 1
73 305 1
805 870 1
244 308 1
235 488 1
708 937 1
37 769 1
73 426 1
312 708 1
7 72 1
383 588 1
495 829 1
116 244 1
33 475 1
222 670 1
557 889 1
230 531 1
543 991 1
524 712 1
157 955 1
289 845 1
545 771 1
770 889 1
102 201 1
492 652 1
225 537 1
497 996 1
307 835 1
301 303 1
867 943 1
172 381 1
127 904 1
52 501 1
274 550 1
716 895 1
81 155 1
355 889 1
181 507 1
90 325 1
458 492 1
532 966 1
138 258 1
313 784 1
79 617 1
71 204 1
862 962 1
375 615 1
42 671 1
394 978 1
616 798 1
506 926 1
22 59 1
398 575 1
219 344 1
391 801 1
74 865 1
734 911 1
527 581 1
250 569 1
337 457 1
592 683 1
41 580 1
160 531 1
588 978 1
192 978 1
220 811 1
113 456 1
645 694 1
277 298 1
460 685 1
680 917 1
69 534 1
330 804 1
91 293 1
831 857 1
93 891 1
186 301 1
750 868 1
1 255 1
56 945 1
74 999 1
72 135 1
742 869 1
134 986 1
345 940 1
202 366 1
471 527 1
126 492 1
258 419 1
323 777 1
617 995 1
353 656 1
633 710 1
443 586 1
434 995 1
434 766 1
379 830 1
313 476 1
239 261 1
629 712 1
647 995 1
647 766 1
526 705 1
297 882 1
355 594 1
262 366 1
580 941 1
459 651 1
469 844 1
73 615 1
334 656 1
241 428 1
174 438 1
163 774 1
237 723 1
130 368 1
47 333 1
129 372 1
248 323 1
547 885 1
45 903 1
427 739 1
402 911 1
415 850 1
54 615 1
2 159 1
345 498 1
470 678 1
363 552 1
299 796 1
150 444 1
394 804 1
313 852 1
316 332 1
25 385 1
338 616 1
85 170 1
370 568 1
857 915 1
415 984 1
588 912 1
21 801 1
666 687 1
284 393 1
456 877 1
729 743 1
321 689 1
192 804 1
79 109 1
359 917 1
340 638 1
469 523 1
138 460 1
652 681 1
127 530 1
8 350 1
522 800 1
412 928 1
453 700 1
11 355 1
83 874 1
207 415 1
592 751 1
504 638 1
13 815 1
267 402 1
4 702 1
231 893 1
511 654 1
497 756 1
342 882 1
290 426 1
50 939 1
26 316 1
12 189 1
321 944 1
388 705 1
429 706 1
16 833 1
10 264 1
4 715 1
490 837 1
654 945 1
313 423 1
182 842 1
525 952 1
593 827 1
101 624 1
104 370 1
513 834 1
375 604 1
339 681 1
521 658 1
572 889 1
46 321 1
16 378 1
931 943 1
463 609 1
241 496 1
125 550 1
23 273 1
11 973 1
883 902 1
84 963 1
82 853 1
64 984 1
136 335 1
493 609 1
358 384 1
267 791 1
528 795 1
376 963 1
398 456 1
535 956 1
58 802 1
452 921 1
446 618 1
451 733 1
248 633 1
762 854 1
60 582 1
500 625 1
53 808 1
103 171 1
53 579 1
161 341 1
400 623 1
859 908 1
129 574 1
247 795 1
720 978 1
794 964 1
150 862 1
458 749 1
268 588 1
37 692 1
92 399 1
78 464 1
279 454 1
344 354 1
564 623 1
47 67 1
521 926 1
70 990 1
152 534 1
9 751 1
243 652 1
618 980 1
488 870 1
648 822 1
18 655 1
768 924 1
523 827 1
397 459 1
223 306 1
75 179 1
687 935 1
136 832 1
819 862 1
115 480 1
502 889 1
1 607 1
202 368 1
633 820 1
173 835 1
80 378 1
181 430 1
219 722 1
962 995 1
593 640 1
463 530 1
513 647 1
633 941 1
209 650 1
61 486 1
308 363 1
29 719 1
299 314 1
703 892 1
134 183 1
21 427 1
296 366 1
399 787 1
412 433 1
760 887 1
176 836 1
111 212 1
773 826 1
198 854 1
19 623 1
473 564 1
63 666 1
558 608 1
348 798 1
158 674 1
70 561 1
56 397 1
570 618 1
561 798 1
829 963 1
330 498 1
574 858 1
335 347 1
192 564 1
472 847 1
115 280 1
313 975 1
10 937 1
365 576 1
232 986 1
741 863 1
245 925 1
413 509 1
445 986 1
42 44 1
154 285 1
272 506 1
126 186 1
155 924 1
403 989 1
100 170 1
31 70 1
5 835 1
25 521 1
228 355 1
57 702 1
620 815 1
413 751 1
193 253 1
687 990 1
439 925 1
282 941 1
152 831 1
210 543 1
42 178 1
214 662 1
503 536 1
489 638 1
409 874 1
867 934 1
825 937 1
88 186 1
612 829 1
73 551 1
496 654 1
100 654 1
100 425 1
416 890 1
0 423 1
291 895 1
676 706 1
24 551 1
503 899 1
676 827 1
63 600 1
32 267 1
457 904 1
116 611 1
809 834 1
118 391 1
257 735 1
521 781 1
231 453 1
104 614 1
236 504 1
263 378 1
130 788 1
584 729 1
465 512 1
306 869 1
521 794 1
359 732 1
501 556 1
484 912 1
613 733 1
288 973 1
203 340 1
103 402 1
89 992 1
875 918 1
190 815 1
317 627 1
358 399 1
294 872 1
550 569 1
228 289 1
49 812 1
458 980 1
342 805 1
870 924 1
114 123 1
624 639 1
333 692 1
169 998 1
764 915 1
497 800 1
221 636 1
364 944 1
224 641 1
124 474 1
723 739 1
126 483 1
103 765 1
54 351 1
97 950 1
223 537 1
130 346 1
127 600 1
355 464 1
28 69 1
492 698 1
791 994 1
137 241 1
735 870 1
204 416 1
624 773 1
536 660 1
374 598 1
594 601 1
139 960 1
68 491 1
221 770 1
166 834 1
284 826 1
499 714 1
619 779 1
751 935 1
10 671 1
230 711 1
579 599 1
130 480 1
37 252 1
129 255 1
728 843 1
373 615 1
381 735 1
348 558 1
45 786 1
614 943 1
196 955 1
834 946 1
556 709 1
362 843 1
269 615 1
39 338 1
176 609 1
630 779 1
360 918 1
184 958 1
258 907 1
220 615 1
26 749 1
857 906 1
452 628 1
245 564 1
372 376 1
481 511 1
173 395 1
618 782 1
26 641 1
829 965 1
268 403 1
192 795 1
71 276 1
203 395 1
359 679 1
14 644 1
468 851 1
250 857 1
609 975 1
24 56 1
323 581 1
171 978 1
441 573 1
743 911 1
338 862 1
508 519 1
81 940 1
531 624 1
118 943 1
266 878 1
777 801 1
340 763 1
212 763 1
363 932 1
237 527 1
453 825 1
272 521 1
280 345 1
86 250 1
154 879 1
710 868 1
624 828 1
23 840 1
149 656 1
498 544 1
481 900 1
44 81 1
97 910 1
876 877 1
62 135 1
793 879 1
306 495 1
209 828 1
489 882 1
262 425 1
649 834 1
217 948 1
79 718 1
14 94 1
827 877 1
463 600 1
191 666 1
394 500 1
121 836 1
88 659 1
47 392 1
126 685 1
51 511 1
114 796 1
477 619 1
265 736 1
77 914 1
129 552 1
247 544 1
178 444 1
378 734 1
61 798 1
8 154 1
53 570 1
264 753 1
124 450 1
69 285 1
74 629 1
417 968 1
659 730 1
62 511 1
153 629 1
534 735 1
822 909 1
94 170 1
390 986 1
71 452 1
98 289 1
351 506 1
142 332 1
205 388 1
432 579 1
775 918 1
510 620 1
501 800 1
699 815 1
289 651 1
60 828 1
349 702 1
497 802 1
364 946 1
344 708 1
531 571 1
476 635 1
402 420 1
663 690 1
305 982 1
184 463 1
304 528 1
469 595 1
226 874 1
223 539 1
92 995 1
890 975 1
526 698 1
20 72 1
286 716 1
511 834 1
212 952 1
21 189 1
3 549 1
691 886 1
167 657 1
387 660 1
74 200 1
27 88 1
285 383 1
142 600 1
362 832 1
373 617 1
101 683 1
333 373 1
197 512 1
422 896 1
35 450 1
301 835 1
7 388 1
466 902 1
498 625 1
140 917 1
152 217 1
616 846 1
184 960 1
316 325 1
227 512 1
20 448 1
378 910 1
551 838 1
143 518 1
127 281 1
273 520 1
746 969 1
73 166 1
336 805 1
124 397 1
449 453 1
8 451 1
16 571 1
117 623 1
337 626 1
789 908 1
467 857 1
66 284 1
126 298 1
38 222 1
659 798 1
511 634 1
9 918 1
479 867 1
312 461 1
64 359 1
537 808 1
564 911 1
300 343 1
629 747 1
326 746 1
221 464 1
59 631 1
432 876 1
100 174 1
757 932 1
383 462 1
236 937 1
310 886 1
351 924 1
19 185 1
277 709 1
694 997 1
174 473 1
867 925 1
256 542 1
206 950 1
261 886 1
302 658 1
492 526 1
636 948 1
152 835 1
22 725 1
89 257 1
622 986 1
74 134 1
184 531 1
304 596 1
428 891 1
348 602 1
53 196 1
705 876 1
313 537 1
103 956 1
184 652 1
87 719 1
477 608 1
255 303 1
876 879 1
243 966 1
572 882 1
438 653 1
148 325 1
288 830 1
255 424 1
697 769 1
499 784 1
311 733 1
307 964 1
664 713 1
480 892 1
669 791 1
378 844 1
185 449 1
317 605 1
129 325 1
695 965 1
426 548 1
637 960 1
310 336 1
623 796 1
222 223 1
466 849 1
199 734 1
634 662 1
23 508 1
711 801 1
411 509 1
356 573 1
741 909 1
259 906 1
686 973 1
350 795 1
349 570 1
711 922 1
92 621 1
551 906 1
745 920 1
449 629 1
21 862 1
24 342 1
227 930 1
226 742 1
644 989 1
36 352 1
333 575 1
40 996 1
84 514 1
332 350 1
254 925 1
328 645 1
59 457 1
4 521 1
592 691 1
41 817 1
146 870 1
208 930 1
14 835 1
416 815 1
536 880 1
448 767 1
217 642 1
296 935 1
860 977 1
104 176 1
689 866 1
255 345 1
155 407 1
174 420 1
322 520 1
668 928 1
816 826 1
175 766 1
188 476 1
416 828 1
278 369 1
121 651 1
41 133 1
934 939 1
598 724 1
205 995 1
293 613 1
339 729 1
531 936 1
121 772 1
468 587 1
134 189 1
493 536 1
259 369 1
56 269 1
0 603 1
189 798 1
164 216 1
515 968 1
806 888 1
295 672 1
387 904 1
156 971 1
153 444 1
755 778 1
9 436 1
178 622 1
551 611 1
243 458 1
910 958 1
163 206 1
324 568 1
372 730 1
440 635 1
486 980 1
543 733 1
231 875 1
565 751 1
298 636 1
407 808 1
398 759 1
332 405 1
15 469 1
137 166 1
543 625 1
231 767 1
845 926 1
196 746 1
738 800 1
65 182 1
26 190 1
555 985 1
645 878 1
590 942 1
12 184 1
564 926 1
946 991 1
541 942 1
271 529 1
18 608 1
241 357 1
237 652 1
624 832 1
682 773 1
57 950 1
392 711 1
152 958 1
265 835 1
380 822 1
378 483 1
253 717 1
456 551 1
272 767 1
321 363 1
101 848 1
371 709 1
197 327 1
274 547 1
177 843 1
172 499 1
84 837 1
772 945 1
329 604 1
950 951 1
475 658 1
72 453 1
556 768 1
671 718 1
137 784 1
118 276 1
35 507 1
236 268 1
246 956 1
595 844 1
125 437 1
195 910 1
410 798 1
498 682 1
484 784 1
852 887 1
334 961 1
34 440 1
340 446 1
111 623 1
732 970 1
460 548 1
327 921 1
338 787 1
618 841 1
356 575 1
50 276 1
256 344 1
734 908 1
585 785 1
447 851 1
190 929 1
384 916 1
346 395 1
227 703 1
557 578 1
648 696 1
262 926 1
465 760 1
432 583 1
228 524 1
159 690 1
439 973 1
235 419 1
40 180 1
490 645 1
715 992 1
506 589 1
15 537 1
409 693 1
37 821 1
110 545 1
278 358 1
300 642 1
186 769 1
170 532 1
357 358 1
936 974 1
210 604 1
275 999 1
154 709 1
71 940 1
415 713 1
818 874 1
670 710 1
105 938 1
661 890 1
223 664 1
19 605 1
382 428 1
41 135 1
510 879 1
338 358 1
183 484 1
563 705 1
463 538 1
895 949 1
177 669 1
410 611 1
162 546 1
69 318 1
253 664 1
514 705 1
201 245 1
170 895 1
412 428 1
596 774 1
169 670 1
232 497 1
203 964 1
394 680 1
534 660 1
42 723 1
773 942 1
317 433 1
458 786 1
477 799 1
463 901 1
585 598 1
150 441 1
581 893 1
9 438 1
509 724 1
292 911 1
529 558 1
391 624 1
330 614 1
583 794 1
5 817 1
868 963 1
522 555 1
365 571 1
242 393 1
674 804 1
198 286 1
414 850 1
4 686 1
42 978 1
372 853 1
64 471 1
248 817 1
399 461 1
333 632 1
733 751 1
411 700 1
437 874 1
457 523 1
49 176 1
377 944 1
220 997 1
495 936 1
555 987 1
319 939 1
448 595 1
314 366 1
934 983 1
244 536 1
529 934 1
204 356 1
457 536 1
920 940 1
557 888 1
502 952 1
400 941 1
102 429 1
277 955 1
505 819 1
3 837 1
559 826 1
199 254 1
952 986 1
584 590 1
9 130 1
84 947 1
371 711 1
257 609 1
35 496 1
150 483 1
964 996 1
35 267 1
359 364 1
165 727 1
12 670 1
366 902 1
204 611 1
124 322 1
234 719 1
417 840 1
398 561 1
89 974 1
372 545 1
685 776 1
215 332 1
407 502 1
764 776 1
84 263 1
172 864 1
451 959 1
933 962 1
336 743 1
597 784 1
201 784 1
57 281 1
172 756 1
262 915 1
518 612 1
143 469 1
79 979 1
495 628 1
137 920 1
747 849 1
222 469 1
423 459 1
502 523 1
240 752 1
653 921 1
152 410 1
308 923 1
435 698 1
338 802 1
117 803 1
291 461 1
604 921 1
50 749 1
124 698 1
592 803 1
761 989 1
593 624 1
171 931 1
399 529 1
311 645 1
438 457 1
154 698 1
291 932 1
450 696 1
362 583 1
31 483 1
641 937 1
379 937 1
65 252 1
464 752 1
224 770 1
592 937 1
141 247 1
182 773 1
696 994 1
93 435 1
257 314 1
292 766 1
223 787 1
135 674 1
37 139 1
396 715 1
281 499 1
272 945 1
289 323 1
313 717 1
695 782 1
445 836 1
477 788 1
213 715 1
72 739 1
452 731 1
283 959 1
410 734 1
542 890 1
676 890 1
55 277 1
137 841 1
500 664 1
255 604 1
241 669 1
80 980 1
658 728 1
363 551 1
10 921 1
211 911 1
651 954 1
81 801 1
861 912 1
248 685 1
542 903 1
325 380 1
418 608 1
275 559 1
569 740 1
373 865 1
379 616 1
43 172 1
39 696 1
125 736 1
194 341 1
382 806 1
402 455 1
388 557 1
558 968 1
687 853 1
530 906 1
232 983 1
537 801 1
665 986 1
434 565 1
819 901 1
634 855 1
553 930 1
174 345 1
341 458 1
777 796 1
779 805 1
316 586 1
398 884 1
97 892 1
210 769 1
913 926 1
25 760 1
340 771 1
64 836 1
325 877 1
12 417 1
333 997 1
723 923 1
267 643 1
492 990 1
232 541 1
52 839 1
220 423 1
758 772 1
39 267 1
308 428 1
132 202 1
637 832 1
246 947 1
102 673 1
737 955 1
33 839 1
616 665 1
560 770 1
546 835 1
348 850 1
217 367 1
241 724 1
535 942 1
447 600 1
77 801 1
892 950 1
152 157 1
808 956 1
8 149 1
136 563 1
254 555 1
344 448 1
187 501 1
118 630 1
49 796 1
252 630 1
134 611 1
92 614 1
231 692 1
163 265 1
71 676 1
24 335 1
392 502 1
29 450 1
106 404 1
801 966 1
312 738 1
548 749 1
317 853 1
146 742 1
16 861 1
375 979 1
615 631 1
31 122 1
251 391 1
311 405 1
331 764 1
408 459 1
858 924 1
132 820 1
517 631 1
43 711 1
20 764 1
661 760 1
58 467 1
247 928 1
88 117 1
21 292 1
96 880 1
564 985 1
691 760 1
415 596 1
368 521 1
258 649 1
459 639 1
276 932 1
238 411 1
589 870 1
346 883 1
179 477 1
973 981 1
343 585 1
512 771 1
773 812 1
214 848 1
424 429 1
293 848 1
535 876 1
185 497 1
350 601 1
451 653 1
406 910 1
271 951 1
218 566 1
262 838 1
27 217 1
142 958 1
780 949 1
433 612 1
289 567 1
266 620 1
178 507 1
665 854 1
76 459 1
20 564 1
502 567 1
166 618 1
586 975 1
18 225 1
47 926 1
179 853 1
159 615 1
319 338 1
19 46 1
98 339 1
659 672 1
375 913 1
34 849 1
437 973 1
210 516 1
0 972 1
36 400 1
113 620 1
810 962 1
870 976 1
226 911 1
446 914 1
70 105 1
310 760 1
131 529 1
400 919 1
340 639 1
474 868 1
86 234 1
339 414 1
158 339 1
127 760 1
233 927 1
318 513 1
68 72 1
329 342 1
147 365 1
482 584 1
206 945 1
930 976 1
352 999 1
281 301 1
286 416 1
62 937 1
29 760 1
612 815 1
326 983 1
67 234 1
536 941 1
60 194 1
381 774 1
559 817 1
195 540 1
327 659 1
161 892 1
257 600 1
716 885 1
77 898 1
512 597 1
589 817 1
473 605 1
345 541 1
806 936 1
478 841 1
247 420 1
546 716 1
153 492 1
253 844 1
327 793 1
280 718 1
87 259 1
144 564 1
185 565 1
746 898 1
111 387 1
743 829 1
30 398 1
76 285 1
502 622 1
120 328 1
303 678 1
674 850 1
720 966 1
90 570 1
35 634 1
766 853 1
664 842 1
815 974 1
756 781 1
627 896 1
200 334 1
604 912 1
678 861 1
631 786 1
680 907 1
840 896 1
699 920 1
413 563 1
358 627 1
710 786 1
71 799 1
254 691 1
653 925 1
427 582 1
242 802 1
256 471 1
122 656 1
483 864 1
276 571 1
648 702 1
381 587 1
735 856 1
284 920 1
67 168 1
176 340 1
663 687 1
57 877 1
179 345 1
442 984 1
235 654 1
730 862 1
298 710 1
526 574 1
687 936 1
334 525 1
881 923 1
797 929 1
148 483 1
57 890 1
220 359 1
165 423 1
41 128 1
491 593 1
119 721 1
554 649 1
232 598 1
605 880 1
176 474 1
456 491 1
368 644 1
441 893 1
34 246 1
456 612 1
276 947 1
357 606 1
577 609 1
2 378 1
34 367 1
129 604 1
220 493 1
27 327 1
250 601 1
145 319 1
236 437 1
2 270 1
259 835 1
143 394 1
523 615 1
132 501 1
734 835 1
665 964 1
139 396 1
4 437 1
345 501 1
107 858 1
377 682 1
146 786 1
168 279 1
871 961 1
103 335 1
175 440 1
207 392 1
606 892 1
5 931 1
260 928 1
475 853 1
34 851 1
139 638 1
830 906 1
319 461 1
189 351 1
25 859 1
803 924 1
668 736 1
439 913 1
497 854 1
717 857 1
721 747 1
531 623 1
751 855 1
401 513 1
893 975 1
356 999 1
478 696 1
851 978 1
183 290 1
666 932 1
91 701 1
237 526 1
825 925 1
225 408 1
323 714 1
343 629 1
56 306 1
589 806 1
538 989 1
496 763 1
12 650 1
633 997 1
218 260 1
190 427 1
167 709 1
566 943 1
230 994 1
607 715 1
593 817 1
412 476 1
329 707 1
89 725 1
94 840 1
341 946 1
341 717 1
82 722 1
618 702 1
348 841 1
563 766 1
444 549 1
306 844 1
194 374 1
345 543 1
322 825 1
363 597 1
437 546 1
440 551 1
486 667 1
227 672 1
222 328 1
669 788 1
194 266 1
139 330 1
507 726 1
328 495 1
418 654 1
382 731 1
449 492 1
16 610 1
136 675 1
310 333 1
42 784 1
592 662 1
671 726 1
385 857 1
99 500 1
486 909 1
155 846 1
249 444 1
919 949 1
878 911 1
229 502 1
294 860 1
96 387 1
81 981 1
342 793 1
502 745 1
460 785 1
331 634 1
266 919 1
44 577 1
300 503 1
64 640 1
559 619 1
349 809 1
113 798 1
223 404 1
517 622 1
75 277 1
94 290 1
420 689 1
612 630 1
414 911 1
68 237 1
4 747 1
138 747 1
223 525 1
550 691 1
47 299 1
40 296 1
325 694 1
724 928 1
290 592 1
54 581 1
307 761 1
614 689 1
253 646 1
63 293 1
45 882 1
422 640 1
31 489 1
125 353 1
171 469 1
198 831 1
621 934 1
65 487 1
147 785 1
169 544 1
339 955 1
521 703 1
913 998 1
96 187 1
588 649 1
86 667 1
672 764 1
603 893 1
584 651 1
248 436 1
697 942 1
222 383 1
29 254 1
581 767 1
226 310 1
574 727 1
35 678 1
482 909 1
12 960 1
106 329 1
185 622 1
56 737 1
23 560 1
140 327 1
343 952 1
345 732 1
247 611 1
103 566 1
474 738 1
146 909 1
321 681 1
104 912 1
445 976 1
379 622 1
95 863 1
650 856 1
125 971 1
152 579 1
124 517 1
86 225 1
251 329 1
154 396 1
128 343 1
568 615 1
284 856 1
306 349 1
564 910 1
177 235 1
80 531 1
407 697 1
756 851 1
57 813 1
483 921 1
268 996 1
328 818 1
128 464 1
469 528 1
389 505 1
193 593 1
793 854 1
622 743 1
393 920 1
26 308 1
438 518 1
15 829 1
367 759 1
105 988 1
320 418 1
383 703 1
341 706 1
626 875 1
137 418 1
598 776 1
725 817 1
16 128 1
34 411 1
793 988 1
397 759 1
41 77 1
299 601 1
734 758 1
472 529 1
150 249 1
463 709 1
494 776 1
191 775 1
405 475 1
253 835 1
615 958 1
348 843 1
573 961 1
153 375 1
120 427 1
37 429 1
553 723 1
65 905 1
338 542 1
664 712 1
18 271 1
312 489 1
565 669 1
296 666 1
263 489 1
590 618 1
292 961 1
870 901 1
254 440 1
465 623 1
63 845 1
431 975 1
238 846 1
439 607 1
604 903 1
172 751 1
83 679 1
279 325 1
382 975 1
77 110 1
398 690 1
79 156 1
218 988 1
14 929 1
485 551 1
527 696 1
376 500 1
474 806 1
18 526 1
606 962 1
620 981 1
41 816 1
526 565 1
770 925 1
723 850 1
925 984 1
316 876 1
621 694 1
137 352 1
758 928 1
582 702 1
100 699 1
21 177 1
50 878 1
47 543 1
630 635 1
0 468 1
32 420 1
141 592 1
45 655 1
36 835 1
168 725 1
489 817 1
267 704 1
346 997 1
662 708 1
104 188 1
444 485 1
936 984 1
336 659 1
630 648 1
65 839 1
973 987 1
491 718 1
11 81 1
458 541 1
62 312 1
180 533 1
419 549 1
765 957 1
185 382 1
672 766 1
465 665 1
88 715 1
556 820 1
575 833 1
151 505 1
507 554 1
294 675 1
643 829 1
354 726 1
137 728 1
228 321 1
269 618 1
255 720 1
203 264 1
20 557 1
326 600 1
166 382 1
308 960 1
437 616 1
7 739 1
422 429 1
90 858 1
180 788 1
243 807 1
270 452 1
624 684 1
393 788 1
57 573 1
631 845 1
419 925 1
0 978 1
518 675 1
117 745 1
65 289 1
180 801 1
548 931 1
823 907 1
515 754 1
133 689 1
587 630 1
80 533 1
369 407 1
314 471 1
272 740 1
772 797 1
63 108 1
54 517 1
212 874 1
386 761 1
41 992 1
204 232 1
663 746 1
594 875 1
133 931 1
78 766 1
95 181 1
482 590 1
545 875 1
438 520 1
350 407 1
186 713 1
654 818 1
607 706 1
205 928 1
319 949 1
148 313 1
514 636 1
299 482 1
271 649 1
158 479 1
254 416 1
180 238 1
176 762 1
415 778 1
575 767 1
60 321 1
734 760 1
285 668 1
137 541 1
609 765 1
103 139 1
320 662 1
326 413 1
792 886 1
76 157 1
590 607 1
470 956 1
322 829 1
767 950 1
439 596 1
309 486 1
278 907 1
479 897 1
625 722 1
706 832 1
365 502 1
428 558 1
534 725 1
653 676 1
397 427 1
132 681 1
481 569 1
606 722 1
759 964 1
14 810 1
215 571 1
440 918 1
302 459 1
140 397 1
668 782 1
525 733 1
63 150 1
414 902 1
553 980 1
826 846 1
77 462 1
266 923 1
217 738 1
717 795 1
1 588 1
689 733 1
782 924 1
334 505 1
413 798 1
738 854 1
160 877 1
471 510 1
256 585 1
80 588 1
145 983 1
709 796 1
645 811 1
593 621 1
684 739 1
166 813 1
177 413 1
710 913 1
438 454 1
383 518 1
737 750 1
525 867 1
253 408 1
46 344 1
285 360 1
325 927 1
53 239 1
59 929 1
366 591 1
806 863 1
281 712 1
654 994 1
285 602 1
343 809 1
188 935 1
436 771 1
58 825 1
737 884 1
43 961 1
262 712 1
379 479 1
475 712 1
245 435 1
124 145 1
303 376 1
321 659 1
241 666 1
683 782 1
359 887 1
107 851 1
537 664 1
129 610 1
468 830 1
462 490 1
134 432 1
64 336 1
349 734 1
421 610 1
149 151 1
442 898 1
474 850 1
469 506 1
235 339 1
534 672 1
569 629 1
935 952 1
33 97 1
207 398 1
606 898 1
449 914 1
325 390 1
13 798 1
121 331 1
384 970 1
7 983 1
731 785 1
399 460 1
550 858 1
435 642 1
434 912 1
2 989 1
482 579 1
532 925 1
64 591 1
705 853 1
206 940 1
585 973 1
497 860 1
20 935 1
290 530 1
417 571 1
91 815 1
141 178 1
56 299 1
429 581 1
322 455 1
579 754 1
344 887 1
360 831 1
118 251 1
716 880 1
58 651 1
259 412 1
264 490 1
468 522 1
439 464 1
133 946 1
477 719 1
342 531 1
526 877 1
512 942 1
209 941 1
584 818 1
121 828 1
864 872 1
561 834 1
242 300 1
385 608 1
321 364 1
149 782 1
479 657 1
63 944 1
646 770 1
238 716 1
458 719 1
604 773 1
590 609 1
331 614 1
892 947 1
59 192 1
234 947 1
643 886 1
445 901 1
780 891 1
71 431 1
324 611 1
766 956 1
2 560 1
296 778 1
856 886 1
166 439 1
240 388 1
231 568 1
196 547 1
217 606 1
37 675 1
152 396 1
685 896 1
270 388 1
543 897 1
18 517 1
173 576 1
107 222 1
277 633 1
240 751 1
782 805 1
501 792 1
453 751 1
87 630 1
386 926 1
69 990 1
259 333 1
512 513 1
189 533 1
175 635 1
32 61 1
37 930 1
288 512 1
515 703 1
53 120 1
89 302 1
715 993 1
66 584 1
635 741 1
137 235 1
251 980 1
380 636 1
806 973 1
462 934 1
140 654 1
248 416 1
119 716 1
895 937 1
554 873 1
210 834 1
322 523 1
5 550 1
695 768 1
459 757 1
285 604 1
109 644 1
174 773 1
369 948 1
212 247 1
363 416 1
233 306 1
95 601 1
961 981 1
83 483 1
387 894 1
275 424 1
349 373 1
505 886 1
141 838 1
475 714 1
171 717 1
350 719 1
138 311 1
17 21 1
55 276 1
2 386 1
115 263 1
405 776 1
93 918 1
239 972 1
674 900 1
75 83 1
27 335 1
467 607 1
164 569 1
544 561 1
759 900 1
62 908 1
323 454 1
768 841 1
427 511 1
733 968 1
377 811 1
177 457 1
476 790 1
696 793 1
687 973 1
631 849 1
1 645 1
661 691 1
740 984 1
201 972 1
599 981 1
131 647 1
179 395 1
65 293 1
791 922 1
68 298 1
59 744 1
86 352 1
246 341 1
108 636 1
61 295 1
262 285 1
19 527 1
496 637 1
64 943 1
36 881 1
55 894 1
58 411 1
443 976 1
23 124 1
635 917 1
141 301 1
53 417 1
158 699 1
125 293 1
591 995 1
102 309 1
133 827 1
208 412 1
576 579 1
466 707 1
144 656 1
364 430 1
143 202 1
156 666 1
417 936 1
38 122 1
494 890 1
688 941 1
655 764 1
218 726 1
199 484 1
653 654 1
419 487 1
65 669 1
359 594 1
116 836 1
331 495 1
262 661 1
108 194 1
82 959 1
660 707 1
300 364 1
136 670 1
604 775 1
394 965 1
4 487 1
3 33 1
75 138 1
407 611 1
577 793 1
42 900 1
30 516 1
669 917 1
617 727 1
139 688 1
815 971 1
455 665 1
474 678 1
441 501 1
569 686 1
370 742 1
5 55 1
249 681 1
101 288 1
6 694 1
111 747 1
393 847 1
33 275 1
286 455 1
580 673 1
136 925 1
194 637 1
111 868 1
501 794 1
100 221 1
476 966 1
591 687 1
302 584 1
481 815 1
368 386 1
189 643 1
409 683 1
36 815 1
416 807 1
302 705 1
580 915 1
385 410 1
221 982 1
343 450 1
246 517 1
663 805 1
1 605 1
207 939 1
380 867 1
792 811 1
492 815 1
233 295 1
499 939 1
4 179 1
473 657 1
233 416 1
101 785 1
463 878 1
1 29 1
39 321 1
60 380 1
173 257 1
104 423 1
334 885 1
530 531 1
227 493 1
586 840 1
345 485 1
505 888 1
269 840 1
281 850 1
363 889 1
129 722 1
382 902 1
93 799 1
349 496 1
164 679 1
222 620 1
669 851 1
410 856 1
5 807 1
734 953 1
247 606 1
285 861 1
508 610 1
766 905 1
446 900 1
501 607 1
97 517 1
209 435 1
118 805 1
434 553 1
733 849 1
323 685 1
741 969 1
782 970 1
270 795 1
812 849 1
435 633 1
555 964 1
30 813 1
355 381 1
356 983 1
53 982 1
115 399 1
36 749 1
179 276 1
647 795 1
26 182 1
242 746 1
123 236 1
269 290 1
78 759 1
36 762 1
209 690 1
454 457 1
469 765 1
202 650 1
96 934 1
24 765 1
161 999 1
151 311 1
367 875 1
163 816 1
92 118 1
809 927 1
368 696 1
239 545 1
376 816 1
90 422 1
604 643 1
380 935 1
199 594 1
553 597 1
195 889 1
811 892 1
196 296 1
384 532 1
315 661 1
576 702 1
686 833 1
801 820 1
732 949 1
150 715 1
70 722 1
391 777 1
528 782 1
29 317 1
349 672 1
476 713 1
113 661 1
51 978 1
634 777 1
754 842 1
9 725 1
537 844 1
297 603 1
687 788 1
95 913 1
52 277 1
337 675 1
15 624 1
432 683 1
740 799 1
91 390 1
872 955 1
508 678 1
277 745 1
179 210 1
318 554 1
565 919 1
28 980 1
143 701 1
163 616 1
583 973 1
489 786 1
429 506 1
374 570 1
593 614 1
49 221 1
92 857 1
372 911 1
105 567 1
457 689 1
438 447 1
28 283 1
360 756 1
19 463 1
79 285 1
731 965 1
73 699 1
54 457 1
105 688 1
339 589 1
8 755 1
429 748 1
603 635 1
140 645 1
60 127 1
298 938 1
661 761 1
540 700 1
185 243 1
97 130 1
593 977 1
684 866 1
119 949 1
821 992 1
199 420 1
795 939 1
454 646 1
431 662 1
255 702 1
62 536 1
697 818 1
950 998 1
65 955 1
100 949 1
287 775 1
177 903 1
773 934 1
248 783 1
281 731 1
486 611 1
345 608 1
146 893 1
866 953 1
189 445 1
386 501 1
195 381 1
57 447 1
365 563 1
340 506 1
715 797 1
420 620 1
43 404 1
501 730 1
157 920 1
261 748 1
333 853 1
258 450 1
240 810 1
23 812 1
329 330 1
812 972 1
214 757 1
116 222 1
28 109 1
29 977 1
497 853 1
455 856 1
273 290 1
233 928 1
448 816 1
434 918 1
709 857 1
253 577 1
123 238 1
535 677 1
325 867 1
270 931 1
336 467 1
901 919 1
431 475 1
510 805 1
983 988 1
790 822 1
86 706 1
130 749 1
600 698 1
314 829 1
212 293 1
102 421 1
211 593 1
385 480 1
238 467 1
348 827 1
658 760 1
503 886 1
663 875 1
327 889 1
869 980 1
69 136 1
0 652 1
132 542 1
67 598 1
378 719 1
2 553 1
125 660 1
226 712 1
205 360 1
179 896 1
11 494 1
361 792 1
391 671 1
303 787 1
418 774 1
74 735 1
17 201 1
335 510 1
527 680 1
258 263 1
10 161 1
102 918 1
124 448 1
210 451 1
85 685 1
123 977 1
80 112 1
653 913 1
532 623 1
726 903 1
61 220 1
121 271 1
409 674 1
150 154 1
205 615 1
99 862 1
761 981 1
2 929 1
79 395 1
445 452 1
166 808 1
675 914 1
35 59 1
694 927 1
594 696 1
351 975 1
846 917 1
68 357 1
504 924 1
452 468 1
407 991 1
9 164 1
313 804 1
163 752 1
709 925 1
533 699 1
63 521 1
21 524 1
475 694 1
619 887 1
302 951 1
281 599 1
253 766 1
308 473 1
225 704 1
549 764 1
158 879 1
4 183 1
36 135 1
678 770 1
683 885 1
769 925 1
755 761 1
37 481 1
61 838 1
606 638 1
336 777 1
74 777 1
234 766 1
349 487 1
426 936 1
206 438 1
372 592 1
74 898 1
354 952 1
316 431 1
321 546 1
104 548 1
269 844 1
444 845 1
288 305 1
97 737 1
201 602 1
164 683 1
446 783 1
44 739 1
117 729 1
62 793 1
296 960 1
562 850 1
199 798 1
812 961 1
399 563 1
476 783 1
75 210 1
66 390 1
286 622 1
71 734 1
590 804 1
10 229 1
782 974 1
288 439 1
485 724 1
196 621 1
168 522 1
484 499 1
16 919 1
181 232 1
411 923 1
65 286 1
328 925 1
216 455 1
92 914 1
422 560 1
205 562 1
144 286 1
369 633 1
907 982 1
299 345 1
293 759 1
155 337 1
535 558 1
394 582 1
81 122 1
724 982 1
364 410 1
355 627 1
129 284 1
148 297 1
99 112 1
469 877 1
397 745 1
517 810 1
286 877 1
313 751 1
221 933 1
628 762 1
521 636 1
864 975 1
468 746 1
841 991 1
189 836 1
660 687 1
377 483 1
148 660 1
107 659 1
257 832 1
491 770 1
727 754 1
773 870 1
299 950 1
436 955 1
356 437 1
205 241 1
284 534 1
671 714 1
110 152 1
108 308 1
183 896 1
486 668 1
6 445 1
1 101 1
713 832 1
78 321 1
215 555 1
440 673 1
701 943 1
272 537 1
186 268 1
108 550 1
531 653 1
476 717 1
60 802 1
715 733 1
412 961 1
29 671 1
34 786 1
446 959 1
622 663 1
300 612 1
453 854 1
714 895 1
525 730 1
353 623 1
144 220 1
9 32 1
117 797 1
610 666 1
510 728 1
441 628 1
279 795 1
64 641 1
232 454 1
77 580 1
366 454 1
476 851 1
249 808 1
371 505 1
309 859 1
207 811 1
188 569 1
312 864 1
35 61 1
702 790 1
298 700 1
154 692 1
47 529 1
184 800 1
406 876 1
10 647 1
5 303 1
491 691 1
343 564 1
501 921 1
158 518 1
517 865 1
80 827 1
116 521 1
811 817 1
478 873 1
412 519 1
788 806 1
466 755 1
297 983 1
245 527 1
286 824 1
46 354 1
87 880 1
334 986 1
351 401 1
317 524 1
19 830 1
695 884 1
660 863 1
192 529 1
493 871 1
25 244 1
52 81 1
764 812 1
631 697 1
330 476 1
65 959 1
407 430 1
30 443 1
409 476 1
212 605 1
537 890 1
165 789 1
187 548 1
808 895 1
357 959 1
472 946 1
76 680 1
28 905 1
279 487 1
358 780 1
523 618 1
297 312 1
434 546 1
33 202 1
632 790 1
617 896 1
548 796 1
23 682 1
872 893 1
159 957 1
1 290 1
108 618 1
300 559 1
687 968 1
268 984 1
216 565 1
598 630 1
4 682 1
251 559 1
424 450 1
162 221 1
277 696 1
557 750 1
357 396 1
298 984 1
251 909 1
69 932 1
242 860 1
102 291 1
151 412 1
132 170 1
197 299 1
96 927 1
705 742 1
410 528 1
2 999 1
220 404 1
41 173 1
142 750 1
431 587 1
260 705 1
581 797 1
125 517 1
28 584 1
811 993 1
630 689 1
520 817 1
202 885 1
329 697 1
408 990 1
664 687 1
43 74 1
862 931 1
345 412 1
570 759 1
429 820 1
594 887 1
49 535 1
35 600 1
29 297 1
327 893 1
487 882 1
51 729 1
799 888 1
871 993 1
609 993 1
788 995 1
609 764 1
667 705 1
875 883 1
336 834 1
0 656 1
63 941 1
571 593 1
442 708 1
423 429 1
361 783 1
669 899 1
410 904 1
671 945 1
743 821 1
94 146 1
145 377 1
442 829 1
481 676 1
318 426 1
650 899 1
736 902 1
601 714 1
45 267 1
258 496 1
571 727 1
307 388 1
207 450 1
293 453 1
721 900 1
22 633 1
89 165 1
66 676 1
558 909 1
170 504 1
182 514 1
407 861 1
176 211 1
434 735 1
47 289 1
580 789 1
166 920 1
367 681 1
94 751 1
517 854 1
75 509 1
902 961 1
46 222 1
21 394 1
413 918 1
72 359 1
550 923 1
19 469 1
32 408 1
142 805 1
123 526 1
307 872 1
389 682 1
76 185 1
760 854 1
297 864 1
383 638 1
943 975 1
15 885 1
32 300 1
68 482 1
205 982 1
779 988 1
20 182 1
551 572 1
336 418 1
363 521 1
533 932 1
472 693 1
780 809 1
274 708 1
125 585 1
545 942 1
66 944 1
167 996 1
514 811 1
178 367 1
697 932 1
542 994 1
607 894 1
221 306 1
699 833 1
148 959 1
602 937 1
55 273 1
75 188 1
192 773 1
882 954 1
94 201 1
238 889 1
687 715 1
618 881 1
692 830 1
664 997 1
521 948 1
97 620 1
836 959 1
32 905 1
329 899 1
544 787 1
67 899 1
865 879 1
510 651 1
6 623 1
224 553 1
17 489 1
308 961 1
325 376 1
149 379 1
300 548 1
816 842 1
140 330 1
439 892 1
337 615 1
293 508 1
418 954 1
265 446 1
200 502 1
277 685 1
43 518 1
194 916 1
307 564 1
195 508 1
395 798 1
429 796 1
234 328 1
206 229 1
271 395 1
183 282 1
92 100 1
869 960 1
98 588 1
225 629 1
216 809 1
276 860 1
520 927 1
143 186 1
146 457 1
478 701 1
147 830 1
439 450 1
353 935 1
807 876 1
658 753 1
570 640 1
148 422 1
160 476 1
406 946 1
96 232 1
684 927 1
711 764 1
260 828 1
26 661 1
246 701 1
223 946 1
179 647 1
794 920 1
810 864 1
328 366 1
32 489 1
233 479 1
364 669 1
778 952 1
373 903 1
519 957 1
117 425 1
185 788 1
214 442 1
444 904 1
276 539 1
139 564 1
224 608 1
465 734 1
143 683 1
476 829 1
254 672 1
59 433 1
215 680 1
60 806 1
674 965 1
99 734 1
121 493 1
300 495 1
76 750 1
93 165 1
133 503 1
86 391 1
738 842 1
242 904 1
135 283 1
272 783 1
272 554 1
222 925 1
340 917 1
419 981 1
100 447 1
569 925 1
589 840 1
286 573 1
547 614 1
35 173 1
246 622 1
572 792 1
402 640 1
173 817 1
313 797 1
821 974 1
322 738 1
69 292 1
547 856 1
670 697 1
535 738 1
31 710 1
6 128 1
424 641 1
363 402 1
160 302 1
505 980 1
128 764 1
447 517 1
779 990 1
295 877 1
115 946 1
753 937 1
546 873 1
30 313 1
582 826 1
20 534 1
166 359 1
185 372 1
470 999 1
385 891 1
375 883 1
518 639 1
574 719 1
236 431 1
39 789 1
377 784 1
509 711 1
187 660 1
519 904 1
118 560 1
665 958 1
250 716 1
365 666 1
819 873 1
10 209 1
72 858 1
562 951 1
455 596 1
42 952 1
601 650 1
205 421 1
859 945 1
266 845 1
352 848 1
181 212 1
577 966 1
310 622 1
698 704 1
101 219 1
611 964 1
146 901 1
46 145 1
571 784 1
395 558 1
128 214 1
229 791 1
213 258 1
590 918 1
464 550 1
246 327 1
339 518 1
531 954 1
168 636 1
770 970 1
10 464 1
211 225 1
109 443 1
288 674 1
64 929 1
353 803 1
427 752 1
144 400 1
65 521 1
137 397 1
812 980 1
256 762 1
737 806 1
630 680 1
32 465 1
136 293 1
210 996 1
281 647 1
313 865 1
487 752 1
118 360 1
61 765 1
759 807 1
71 177 1
456 890 1
660 693 1
618 696 1
917 992 1
37 421 1
284 298 1
776 989 1
440 774 1
8 134 1
68 902 1
305 357 1
40 840 1
171 771 1
228 258 1
838 941 1
666 834 1
210 325 1
549 959 1
507 962 1
270 497 1
206 741 1
393 833 1
121 374 1
52 274 1
15 621 1
20 965 1
423 446 1
320 439 1
335 976 1
173 685 1
200 788 1
489 662 1
288 608 1
307 621 1
320 331 1
86 164 1
325 675 1
256 804 1
803 973 1
121 616 1
374 796 1
723 950 1
489 783 1
16 859 1
714 901 1
32 278 1
612 624 1
629 793 1
4 741 1
738 965 1
359 380 1
484 560 1
508 917 1
448 637 1
365 868 1
104 275 1
403 571 1
35 175 1
48 114 1
251 739 1
480 562 1
72 242 1
369 694 1
484 681 1
406 990 1
547 737 1
13 278 1
271 802 1
155 627 1
196 924 1
153 288 1
466 519 1
369 586 1
140 763 1
451 625 1
454 630 1
552 936 1
183 581 1
77 828 1
166 348 1
148 479 1
289 418 1
403 705 1
20 186 1
517 992 1
364 484 1
792 931 1
737 995 1
520 997 1
561 998 1
253 882 1
308 589 1
767 874 1
21 761 1
606 633 1
19 836 1
129 479 1
118 549 1
780 934 1
35 780 1
296 821 1
76 323 1
884 991 1
263 415 1
532 539 1
418 703 1
583 770 1
192 885 1
227 613 1
231 732 1
31 149 1
41 608 1
32 788 1
85 614 1
164 678 1
62 896 1
538 596 1
161 380 1
50 778 1
205 423 1
443 480 1
300 431 1
594 612 1
169 914 1
79 203 1
51 104 1
215 966 1
223 332 1
282 912 1
612 787 1
543 953 1
210 514 1
492 614 1
101 463 1
436 453 1
807 854 1
163 789 1
256 751 1
242 853 1
498 513 1
698 840 1
837 918 1
207 751 1
36 869 1
131 877 1
695 919 1
717 974 1
252 349 1
45 810 1
895 980 1
661 813 1
58 749 1
46 631 1
739 854 1
123 356 1
417 574 1
169 472 1
683 693 1
719 875 1
672 800 1
88 749 1
695 932 1
552 883 1
244 767 1
574 642 1
73 885 1
185 537 1
892 924 1
396 757 1
179 988 1
36 185 1
289 365 1
505 929 1
403 881 1
692 755 1
223 950 1
364 660 1
239 665 1
183 770 1
155 937 1
309 357 1
106 486 1
9 590 1
215 658 1
597 760 1
60 555 1
225 888 1
321 825 1
206 609 1
209 355 1
641 766 1
26 907 1
650 771 1
73 322 1
35 969 1
654 718 1
78 558 1
26 102 1
399 613 1
219 911 1
20 967 1
207 564 1
64 515 1
358 733 1
108 558 1
113 902 1
190 331 1
30 867 1
420 793 1
392 731 1
271 441 1
675 790 1
346 965 1
511 803 1
221 741 1
427 809 1
438 446 1
168 585 1
79 742 1
681 847 1
700 860 1
93 532 1
533 575 1
651 796 1
109 513 1
114 591 1
465 525 1
93 653 1
258 986 1
439 509 1
48 129 1
120 234 1
780 923 1
30 425 1
66 119 1
422 986 1
169 769 1
38 57 1
480 927 1
576 635 1
120 355 1
125 470 1
787 818 1
410 831 1
5 782 1
146 529 1
794 979 1
68 838 1
669 718 1
15 194 1
4 301 1
325 356 1
327 954 1
275 535 1
431 782 1
76 554 1
378 892 1
152 320 1
303 718 1
817 939 1
108 479 1
701 764 1
870 950 1
23 556 1
754 775 1
532 662 1
308 954 1
215 726 1
52 439 1
370 785 1
392 544 1
180 890 1
395 549 1
532 783 1
541 788 1
139 973 1
515 735 1
7 36 1
927 945 1
42 259 1
300 783 1
923 947 1
144 162 1
696 904 1
80 635 1
140 686 1
286 740 1
387 563 1
263 793 1
505 555 1
54 619 1
466 563 1
89 347 1
533 738 1
431 461 1
54 511 1
707 810 1
177 581 1
572 851 1
244 756 1
834 972 1
149 869 1
80 769 1
157 235 1
244 877 1
25 281 1
178 523 1
90 181 1
136 297 1
556 856 1
778 932 1
143 421 1
417 926 1
706 800 1
491 875 1
21 697 1
26 546 1
273 423 1
892 926 1
212 413 1
261 305 1
346 349 1
57 246 1
2 310 1
604 644 1
78 305 1
358 359 1
214 314 1
130 882 1
364 783 1
303 773 1
641 768 1
150 945 1
549 950 1
134 708 1
488 711 1
529 712 1
988 997 1
133 254 1
338 888 1
197 912 1
486 786 1
439 711 1
4 490 1
143 797 1
256 445 1
127 560 1
66 321 1
131 679 1
351 719 1
666 959 1
449 961 1
511 792 1
277 625 1
147 515 1
501 784 1
948 951 1
408 448 1
134 145 1
325 679 1
369 685 1
145 977 1
742 967 1
420 916 1
621 677 1
698 897 1
290 806 1
20 982 1
524 744 1
615 862 1
155 618 1
169 287 1
526 790 1
199 395 1
531 905 1
431 637 1
67 397 1
153 400 1
149 924 1
160 295 1
146 397 1
412 516 1
77 940 1
237 929 1
760 970 1
553 640 1
429 870 1
8 59 1
238 521 1
324 524 1
38 167 1
535 744 1
669 707 1
452 709 1
333 465 1
357 822 1
26 722 1
62 416 1
444 481 1
337 355 1
189 191 1
69 540 1
151 838 1
425 589 1
236 424 1
309 643 1
548 659 1
17 242 1
41 599 1
65 956 1
60 612 1
351 761 1
648 718 1
634 820 1
657 952 1
8 314 1
357 956 1
833 885 1
38 422 1
516 949 1
43 271 1
51 95 1
562 836 1
826 882 1
80 274 1
123 910 1
117 836 1
365 672 1
733 839 1
205 656 1
388 777 1
145 790 1
38 435 1
82 441 1
276 492 1
529 672 1
293 395 1
490 680 1
525 903 1
781 829 1
506 624 1
126 403 1
362 387 1
64 922 1
100 616 1
58 619 1
297 901 1
39 111 1
80 637 1
373 630 1
524 799 1
496 737 1
169 342 1
389 611 1
91 688 1
34 154 1
120 157 1
619 807 1
61 516 1
503 861 1
107 632 1
679 794 1
6 994 1
155 565 1
105 973 1
306 697 1
719 866 1
295 804 1
314 817 1
167 804 1
420 984 1
189 822 1
615 930 1
177 933 1
237 984 1
256 997 1
70 578 1
98 825 1
885 912 1
334 809 1
843 915 1
89 941 1
333 520 1
660 686 1
292 933 1
834 987 1
493 694 1
534 695 1
484 874 1
342 646 1
650 762 1
259 877 1
14 780 1
181 957 1
55 323 1
560 990 1
233 595 1
899 944 1
324 713 1
692 880 1
273 667 1
100 187 1
652 929 1
69 608 1
358 482 1
3 254 1
151 906 1
233 716 1
250 885 1
310 670 1
111 726 1
73 205 1
399 604 1
17 310 1
132 785 1
112 547 1
24 434 1
617 948 1
106 732 1
441 493 1
212 670 1
159 780 1
107 324 1
700 838 1
63 254 1
758 779 1
394 502 1
248 973 1
738 837 1
261 912 1
374 560 1
497 896 1
49 211 1
188 555 1
413 673 1
812 907 1
416 907 1
718 720 1
742 848 1
186 630 1
373 456 1
524 625 1
730 959 1
96 858 1
705 902 1
672 725 1
718 841 1
663 676 1
2 930 1
27 169 1
225 450 1
323 985 1
114 582 1
153 281 1
227 230 1
256 931 1
378 628 1
28 515 1
327 582 1
93 415 1
113 330 1
266 572 1
161 815 1
11 53 1
114 703 1
169 410 1
260 528 1
102 585 1
162 636 1
14 243 1
113 222 1
25 109 1
431 531 1
661 993 1
208 230 1
88 579 1
695 991 1
206 534 1
321 521 1
49 587 1
665 819 1
86 883 1
653 701 1
326 343 1
209 990 1
773 803 1
303 588 1
108 349 1
481 594 1
338 811 1
412 760 1
173 249 1
665 940 1
34 585 1
488 755 1
383 998 1
349 596 1
211 891 1
338 932 1
321 534 1
409 583 1
347 937 1
92 418 1
18 432 1
757 771 1
200 594 1
819 868 1
370 776 1
7 724 1
85 499 1
46 958 1
187 668 1
168 389 1
214 505 1
439 889 1
525 892 1
393 894 1
179 376 1
343 484 1
36 741 1
366 616 1
204 554 1
569 975 1
73 744 1
181 691 1
33 564 1
88 500 1
76 934 1
478 685 1
343 726 1
375 678 1
227 285 1
383 798 1
111 339 1
443 849 1
295 685 1
176 505 1
13 218 1
804 976 1
45 924 1
21 338 1
394 812 1
103 111 1
127 993 1
672 793 1
214 881 1
28 462 1
679 917 1
306 820 1
281 763 1
244 881 1
827 973 1
398 530 1
9 691 1
129 527 1
354 874 1
771 933 1
345 532 1
652 689 1
382 828 1
546 936 1
305 581 1
766 939 1
95 771 1
411 482 1
342 648 1
101 256 1
312 476 1
657 888 1
354 887 1
149 189 1
502 721 1
652 931 1
509 882 1
96 484 1
185 906 1
334 477 1
798 877 1
550 775 1
502 963 1
331 852 1
532 613 1
107 326 1
101 511 1
109 372 1
191 670 1
344 912 1
380 606 1
397 775 1
85 688 1
15 858 1
257 391 1
389 547 1
224 968 1
232 334 1
223 743 1
77 460 1
453 976 1
285 345 1
73 691 1
100 794 1
463 617 1
110 987 1
168 699 1
30 994 1
363 386 1
786 977 1
118 289 1
31 815 1
62 165 1
342 448 1
559 971 1
116 401 1
570 571 1
649 864 1
552 931 1
54 920 1
596 974 1
530 620 1
208 340 1
135 764 1
584 627 1
630 743 1
143 359 1
275 515 1
596 866 1
296 345 1
116 643 1
398 706 1
38 171 1
521 813 1
194 418 1
924 937 1
574 824 1
131 254 1
141 713 1
326 695 1
479 937 1
331 773 1
569 601 1
238 996 1
140 195 1
544 773 1
43 491 1
332 365 1
306 901 1
326 816 1
625 883 1
284 590 1
316 542 1
104 888 1
267 357 1
511 717 1
444 727 1
254 832 1
115 259 1
359 885 1
97 848 1
14 850 1
624 779 1
214 386 1
585 824 1
717 943 1
309 889 1
189 329 1
307 550 1
578 784 1
564 886 1
204 314 1
223 327 1
761 905 1
186 445 1
79 319 1
371 427 1
312 786 1
45 671 1
31 507 1
402 679 1
267 491 1
120 966 1
684 779 1
6 864 1
424 559 1
267 612 1
225 386 1
255 494 1
334 558 1
260 572 1
264 462 1
198 862 1
60 174 1
505 790 1
161 751 1
255 386 1
91 921 1
246 566 1
447 556 1
245 341 1
369 636 1
489 967 1
661 929 1
266 521 1
38 105 1
67 577 1
120 174 1
429 929 1
822 860 1
211 706 1
3 942 1
212 298 1
817 866 1
338 868 1
41 537 1
256 425 1
844 861 1
151 897 1
32 717 1
352 658 1
24 304 1
109 119 1
465 949 1
606 696 1
905 992 1
440 892 1
458 946 1
129 892 1
431 964 1
272 419 1
404 538 1
58 315 1
118 854 1
536 613 1
28 143 1
673 847 1
10 503 1
617 952 1
268 798 1
95 318 1
21 140 1
501 777 1
172 272 1
471 605 1
237 438 1
462 785 1
195 441 1
925 960 1
163 610 1
83 92 1
16 38 1
7 218 1
490 860 1
547 842 1
673 981 1
46 560 1
294 396 1
202 578 1
210 927 1
705 906 1
89 637 1
186 984 1
19 578 1
14 234 1
1 938 1
422 968 1
147 763 1
177 642 1
97 124 1
211 640 1
147 884 1
149 930 1
80 830 1
674 751 1
321 404 1
95 586 1
480 922 1
208 463 1
540 936 1
218 885 1
639 686 1
330 574 1
354 931 1
421 692 1
527 593 1
227 826 1
278 828 1
410 947 1
312 412 1
242 582 1
3 71 1
25 355 1
236 538 1
664 985 1
497 579 1
328 770 1
42 938 1
247 818 1
242 474 1
775 937 1
228 310 1
752 990 1
282 775 1
115 369 1
543 587 1
40 195 1
7 18 1
583 888 1
8 657 1
761 894 1
678 896 1
188 480 1
41 955 1
177 321 1
99 667 1
558 952 1
444 850 1
571 891 1
194 904 1
276 714 1
109 308 1
782 845 1
168 622 1
314 676 1
496 609 1
394 561 1
218 335 1
404 727 1
