100
15 21 1
26 30 1
35 97 1
18 26 1
16 93 1
7 35 1
5 65 1
47 80 1
9 63 1
58 95 1
50 91 1
10 27 1
10 45 1
10 54 1
73 92 1
62 92 1
54 88 1
31 95 1
51 73 1
66 71 1
14 51 1
7 12 1
55 61 1
13 92 1
17 62 1
17 71 1
6 34 1
28 80 1
6 43 1
61 86 1
61 95 1
6 70 1
54 74 1
31 72 1
22 23 1
14 28 1
43 64 1
12 95 1
23 95 1
1 76 1
13 78 1
32 91 1
13 87 1
47 52 1
7 16 1
5 46 1
28 75 1
61 72 1
58 85 1
9 80 1
50 90 1
19 84 1
2 13 1
27 97 1
39 62 1
10 35 1
43 50 1
39 98 1
12 81 1
13 46 1
12 90 1
14 32 1
32 77 1
1 71 1
46 79 1
47 56 1
49 84 1
58 62 1
21 22 1
27 83 1
8 79 1
2 8 1
42 90 1
31 53 1
19 97 1
23 58 1
32 36 1
24 32 1
20 89 1
43 54 1
3 18 1
1 57 1
4 90 1
35 77 1
1 84 1
76 87 1
36 51 1
49 79 1
57 92 1
17 56 1
15 86 1
38 97 1
61 62 1
61 80 1
20 39 1
30 83 1
30 92 1
83 95 1
94 95 1
42 94 1
0 97 1
20 75 1
32 40 1
72 76 1
23 71 1
31 84 1
72 85 1
4 85 1
45 86 1
53 99 1
37 91 1
28 33 1
14 98 1
76 91 1
5 49 1
15 81 1
57 96 1
49 92 1
27 55 1
58 70 1
27 64 1
21 30 1
50 66 1
71 98 1
82 98 1
61 75 1
2 7 1
12 39 1
30 87 1
20 61 1
54 63 1
52 93 1
41 93 1
44 98 1
33 98 1
13 40 1
25 94 1
35 49 1
1 65 1
56 99 1
5 26 1
65 77 1
38 60 1
57 73 1
57 91 1
49 87 1
7 81 1
15 94 1
50 70 1
61 70 1
18 99 1
60 74 1
12 43 1
83 94 1
41 88 1
44 93 1
34 58 1
32 39 1
53 71 1
25 89 1
33 93 1
72 93 1
5 12 1
26 53 1
46 68 1
38 64 1
46 77 1
8 41 1
42 43 1
11 37 1
18 94 1
30 59 1
12 38 1
31 51 1
1 10 1
94 98 1
4 43 1
23 56 1
44 88 1
64 66 1
64 84 1
45 80 1
45 89 1
8 27 1
26 75 1
71 74 1
50 51 1
71 92 1
82 92 1
21 82 1
23 24 1
13 16 1
33 83 1
45 57 1
53 70 1
37 53 1
22 91 1
38 54 1
59 95 1
17 89 1
30 40 1
63 74 1
63 83 1
11 54 1
41 55 1
6 97 1
52 64 1
33 60 1
34 43 1
45 52 1
74 88 1
37 48 1
10 94 1
2 99 1
18 34 1
28 84 1
17 84 1
17 93 1
11 31 1
11 40 1
63 87 1
44 46 1
81 95 1
21 90 1
44 73 1
22 36 1
1 13 1
33 82 1
3 41 1
32 95 1
55 78 1
59 76 1
26 51 1
47 83 1
18 47 1
55 96 1
19 21 1
17 88 1
19 30 1
52 54 1
62 86 1
52 63 1
39 93 1
25 55 1
22 31 1
2 62 1
10 75 1
74 78 1
32 81 1
66 83 1
51 94 1
35 86 1
70 71 1
55 82 1
47 87 1
28 83 1
5 90 1
58 93 1
54 77 1
23 98 1
14 49 1
24 81 1
18 19 1
28 51 1
59 75 1
47 73 1
55 86 1
5 67 1
77 83 1
77 92 1
21 48 1
40 61 1
62 67 1
25 36 1
3 8 1
51 57 1
32 62 1
14 26 1
43 71 1
32 71 1
16 81 1
65 95 1
76 95 1
46 91 1
49 96 1
21 34 1
5 89 1
92 94 1
81 84 1
2 29 1
10 42 1
39 78 1
12 79 1
14 21 1
35 53 1
24 62 1
4 93 1
24 71 1
16 76 1
17 41 1
5 48 1
28 59 1
6 22 1
77 82 1
40 42 1
21 38 1
27 81 1
80 96 1
27 90 1
19 86 1
2 15 1
27 99 1
42 88 1
32 34 1
31 78 1
12 83 1
12 92 1
64 93 1
43 70 1
17 18 1
13 66 1
13 75 1
17 36 1
9 32 1
57 81 1
68 90 1
46 90 1
28 63 1
5 61 1
49 95 1
9 59 1
61 69 1
19 81 1
30 81 1
31 46 1
19 90 1
39 68 1
54 66 1
23 69 1
13 34 1
4 65 1
72 83 1
65 71 1
68 76 1
88 91 1
65 89 1
15 79 1
5 56 1
77 81 1
21 28 1
30 76 1
20 50 1
19 94 1
31 59 1
4 42 1
11 99 1
0 99 1
31 77 1
4 60 1
13 38 1
32 51 1
84 89 1
13 47 1
35 47 1
56 79 1
22 86 1
49 58 1
38 67 1
49 67 1
5 42 1
26 74 1
98 99 1
38 94 1
50 59 1
69 72 1
19 53 1
8 80 1
2 9 1
12 41 1
23 41 1
83 92 1
11 94 1
23 59 1
1 22 1
72 73 1
23 68 1
64 78 1
13 42 1
35 42 1
16 38 1
64 96 1
37 79 1
15 60 1
67 98 1
26 78 1
7 83 1
82 86 1
50 63 1
27 61 1
0 44 1
20 40 1
2 4 1
20 49 1
31 58 1
13 19 1
56 60 1
45 60 1
56 69 1
16 42 1
86 88 1
78 93 1
57 70 1
3 99 1
38 66 1
49 75 1
30 43 1
42 54 1
27 65 1
0 66 1
60 80 1
52 85 1
34 55 1
16 28 1
53 77 1
14 58 1
22 71 1
34 73 1
37 78 1
15 41 1
26 41 1
38 43 1
78 88 1
38 52 1
7 46 1
18 46 1
78 97 1
38 61 1
49 70 1
26 77 1
0 25 1
79 89 1
0 34 1
90 98 1
48 92 1
71 94 1
63 90 1
41 53 1
11 61 1
63 99 1
41 71 1
44 67 1
60 93 1
52 89 1
44 85 1
22 48 1
25 99 1
70 79 1
55 90 1
0 11 1
59 97 1
19 33 1
79 84 1
27 46 1
82 89 1
30 51 1
21 79 1
4 8 1
62 98 1
25 76 1
25 85 1
45 63 1
7 18 1
67 69 1
36 90 1
48 73 1
21 56 1
29 69 1
21 74 1
81 88 1
21 83 1
40 96 1
21 92 1
73 93 1
54 98 1
74 85 1
56 58 1
7 13 1
26 35 1
92 93 1
28 99 1
9 95 1
41 47 1
52 56 1
62 88 1
14 20 1
3 29 1
85 89 1
3 47 1
24 79 1
14 56 1
