200
103 143 1
84 139 1
33 164 1
95 148 1
84 148 1
124 184 1
47 71 1
75 179 1
1 113 1
87 153 1
2 167 1
105 189 1
5 74 1
47 80 1
36 89 1
128 163 1
85 192 1
28 85 1
10 189 1
58 95 1
66 197 1
117 181 1
48 72 1
49 126 1
29 68 1
9 99 1
21 64 1
41 51 1
78 189 1
19 103 1
90 154 1
80 131 1
48 157 1
81 105 1
39 99 1
144 152 1
25 61 1
17 197 1
63 164 1
22 37 1
14 24 1
43 69 1
102 155 1
54 115 1
14 42 1
12 109 1
103 129 1
14 51 1
104 192 1
13 83 1
60 167 1
24 83 1
52 154 1
29 32 1
10 157 1
95 143 1
127 175 1
65 102 1
44 168 1
25 164 1
159 164 1
14 145 1
128 167 1
21 41 1
22 158 1
61 86 1
13 186 1
120 181 1
151 159 1
140 159 1
62 78 1
31 72 1
181 187 1
111 199 1
17 192 1
54 101 1
20 99 1
165 188 1
52 131 1
31 108 1
33 136 1
16 83 1
53 132 1
117 135 1
44 163 1
116 170 1
136 157 1
116 188 1
37 133 1
21 27 1
86 147 1
58 76 1
66 178 1
12 198 1
67 152 1
130 199 1
7 119 1
90 135 1
150 186 1
42 95 1
89 188 1
125 129 1
112 159 1
20 94 1
11 125 1
12 90 1
33 122 1
114 119 1
43 77 1
87 111 1
158 162 1
115 191 1
35 82 1
7 11 1
57 79 1
116 165 1
74 159 1
5 50 1
46 88 1
46 106 1
76 119 1
61 67 1
26 109 1
14 153 1
49 120 1
86 169 1
30 79 1
24 194 1
17 155 1
30 97 1
110 126 1
28 173 1
30 115 1
63 149 1
52 112 1
61 188 1
164 182 1
39 178 1
85 145 1
73 180 1
53 122 1
117 125 1
109 112 1
120 121 1
20 183 1
31 183 1
51 161 1
109 130 1
32 157 1
3 121 1
26 86 1
2 165 1
66 168 1
32 166 1
46 110 1
43 175 1
55 140 1
96 178 1
126 191 1
160 193 1
26 113 1
142 154 1
101 125 1
28 141 1
82 121 1
5 157 1
92 162 1
63 126 1
23 53 1
2 30 1
39 70 1
154 155 1
92 171 1
29 133 1
32 40 1
0 106 1
58 178 1
92 180 1
63 153 1
69 187 1
24 45 1
124 132 1
23 89 1
144 199 1
164 177 1
6 167 1
143 154 1
105 137 1
81 170 1
74 131 1
25 126 1
187 197 1
5 31 1
103 185 1
54 180 1
57 87 1
160 170 1
149 170 1
43 161 1
138 179 1
35 157 1
32 170 1
107 173 1
86 150 1
70 133 1
24 175 1
99 178 1
31 34 1
142 158 1
8 78 1
46 181 1
47 158 1
71 125 1
39 65 1
60 97 1
21 115 1
11 92 1
41 93 1
52 93 1
183 186 1
29 128 1
9 168 1
29 146 1
45 72 1
34 81 1
30 190 1
11 186 1
10 132 1
86 100 1
164 199 1
51 142 1
5 35 1
65 86 1
49 69 1
67 114 1
39 195 1
26 76 1
4 174 1
38 87 1
51 169 1
23 187 1
64 197 1
16 157 1
70 137 1
89 150 1
76 180 1
171 198 1
119 160 1
47 153 1
76 189 1
90 124 1
129 192 1
131 134 1
52 79 1
41 79 1
99 191 1
6 121 1
121 197 1
49 190 1
115 135 1
5 174 1
80 177 1
6 139 1
62 147 1
34 76 1
108 114 1
33 111 1
91 192 1
137 159 1
74 121 1
93 134 1
102 192 1
62 165 1
30 194 1
86 95 1
66 135 1
35 129 1
167 187 1
49 73 1
130 147 1
189 196 1
138 160 1
27 45 1
13 147 1
53 183 1
149 178 1
160 178 1
96 172 1
55 134 1
35 165 1
42 61 1
56 197 1
118 181 1
27 72 1
48 104 1
31 33 1
46 171 1
63 102 1
129 196 1
92 165 1
53 57 1
175 181 1
92 174 1
10 95 1
22 60 1
125 180 1
45 71 1
37 67 1
44 115 1
19 180 1
38 41 1
56 89 1
8 189 1
60 190 1
78 86 1
4 146 1
86 108 1
87 162 1
84 184 1
19 27 1
12 177 1
130 160 1
119 132 1
11 41 1
139 199 1
190 192 1
88 172 1
16 165 1
111 146 1
77 144 1
4 20 1
0 68 1
60 82 1
21 100 1
152 156 1
41 78 1
101 190 1
34 48 1
8 148 1
50 163 1
125 166 1
72 74 1
104 143 1
37 53 1
62 137 1
91 173 1
25 97 1
145 162 1
164 175 1
102 191 1
103 156 1
56 84 1
95 152 1
41 181 1
22 91 1
78 99 1
13 128 1
18 57 1
8 22 1
96 144 1
178 195 1
88 140 1
95 188 1
118 153 1
1 135 1
71 78 1
22 176 1
57 143 1
53 191 1
37 183 1
163 170 1
21 77 1
11 54 1
76 174 1
57 170 1
60 77 1
148 199 1
7 160 1
57 179 1
38 175 1
140 195 1
26 173 1
113 178 1
81 118 1
49 184 1
50 149 1
123 133 1
22 41 1
52 91 1
30 152 1
10 94 1
15 29 1
23 131 1
177 198 1
114 160 1
59 72 1
31 153 1
23 149 1
24 114 1
51 131 1
138 145 1
45 155 1
24 132 1
96 148 1
68 147 1
88 162 1
82 91 1
171 178 1
86 192 1
6 83 1
59 193 1
52 68 1
10 62 1
15 177 1
50 144 1
125 147 1
132 195 1
115 124 1
1 4 1
71 185 1
54 114 1
66 79 1
93 96 1
124 166 1
30 156 1
0 143 1
45 56 1
91 172 1
137 139 1
75 155 1
185 188 1
54 132 1
0 161 1
114 146 1
39 134 1
35 100 1
55 78 1
75 182 1
103 164 1
7 38 1
32 122 1
16 105 1
28 70 1
36 74 1
78 89 1
64 145 1
159 172 1
76 128 1
44 194 1
99 130 1
17 88 1
189 194 1
11 17 1
2 188 1
64 181 1
48 75 1
100 113 1
28 106 1
80 107 1
117 193 1
140 158 1
21 67 1
76 155 1
92 118 1
9 102 1
15 145 1
121 163 1
61 121 1
69 134 1
133 137 1
30 124 1
54 91 1
113 177 1
104 110 1
42 135 1
10 84 1
110 171 1
71 198 1
21 179 1
0 156 1
124 173 1
15 28 1
84 137 1
32 108 1
87 142 1
59 71 1
126 133 1
76 123 1
118 138 1
57 119 1
147 183 1
120 166 1
64 176 1
99 143 1
109 175 1
97 173 1
21 62 1
5 108 1
169 198 1
67 178 1
68 155 1
132 158 1
14 184 1
90 152 1
26 158 1
33 54 1
80 138 1
73 99 1
39 97 1
125 137 1
144 159 1
90 188 1
30 146 1
52 143 1
155 165 1
20 120 1
84 123 1
74 91 1
51 98 1
21 183 1
64 126 1
60 183 1
4 130 1
56 131 1
135 195 1
56 140 1
124 195 1
93 189 1
36 82 1
77 83 1
159 171 1
6 41 1
117 165 1
45 158 1
0 16 1
66 190 1
65 136 1
38 119 1
5 94 1
78 164 1
58 106 1
21 66 1
16 198 1
98 160 1
47 176 1
2 34 1
153 194 1
91 121 1
181 194 1
19 132 1
110 152 1
60 133 1
154 186 1
31 106 1
104 176 1
122 135 1
63 184 1
115 185 1
52 156 1
87 123 1
44 152 1
43 98 1
18 23 1
85 180 1
51 178 1
6 36 1
3 138 1
180 198 1
109 156 1
169 170 1
50 79 1
120 174 1
24 197 1
121 148 1
70 173 1
101 151 1
11 96 1
55 193 1
17 176 1
102 125 1
59 191 1
2 47 1
4 75 1
154 181 1
9 190 1
48 172 1
11 132 1
63 170 1
52 133 1
12 106 1
106 122 1
75 153 1
115 189 1
10 145 1
41 160 1
73 192 1
127 181 1
157 182 1
46 104 1
157 191 1
86 149 1
149 187 1
139 164 1
9 73 1
86 158 1
40 51 1
50 83 1
6 58 1
96 199 1
79 128 1
67 163 1
71 124 1
47 166 1
161 188 1
102 111 1
0 91 1
9 158 1
134 180 1
63 129 1
183 194 1
9 167 1
39 91 1
35 39 1
4 79 1
95 117 1
123 197 1
21 177 1
156 194 1
45 116 1
136 145 1
15 84 1
139 159 1
37 139 1
61 69 1
109 155 1
78 140 1
74 188 1
78 149 1
21 42 1
24 169 1
150 165 1
59 145 1
30 81 1
142 170 1
50 96 1
102 106 1
9 153 1
83 102 1
0 95 1
123 147 1
11 104 1
12 69 1
6 138 1
48 153 1
9 171 1
41 114 1
61 181 1
116 126 1
1 50 1
72 101 1
105 135 1
36 44 1
127 162 1
97 121 1
66 152 1
14 114 1
31 194 1
26 88 1
13 155 1
46 103 1
107 180 1
27 71 1
61 73 1
59 140 1
8 67 1
79 118 1
7 111 1
88 185 1
153 165 1
7 120 1
88 194 1
5 150 1
40 126 1
92 164 1
175 180 1
69 171 1
104 138 1
77 184 1
141 187 1
29 144 1
51 55 1
1 36 1
123 160 1
61 176 1
24 38 1
84 98 1
6 160 1
95 98 1
2 108 1
50 194 1
127 130 1
145 175 1
9 13 1
137 171 1
46 62 1
164 197 1
38 58 1
97 107 1
31 171 1
37 102 1
17 35 1
49 67 1
187 199 1
93 164 1
15 74 1
78 112 1
54 191 1
149 172 1
15 92 1
53 195 1
7 88 1
190 191 1
107 184 1
171 187 1
61 77 1
7 106 1
71 109 1
18 106 1
5 136 1
39 49 1
36 151 1
99 189 1
55 155 1
153 169 1
130 195 1
65 187 1
71 127 1
38 179 1
28 156 1
6 119 1
60 108 1
75 106 1
81 140 1
123 155 1
27 169 1
6 146 1
40 148 1
105 116 1
13 42 1
110 194 1
11 179 1
62 163 1
22 90 1
45 92 1
145 179 1
9 17 1
45 101 1
66 133 1
130 145 1
20 184 1
96 161 1
78 125 1
138 176 1
13 154 1
130 172 1
78 134 1
47 128 1
20 22 1
45 195 1
65 173 1
9 120 1
118 188 1
55 150 1
92 136 1
112 114 1
60 76 1
92 145 1
57 187 1
23 45 1
100 167 1
20 58 1
81 126 1
111 176 1
7 186 1
58 170 1
15 199 1
27 164 1
123 150 1
56 60 1
52 108 1
93 109 1
13 37 1
72 86 1
44 104 1
64 82 1
108 116 1
42 180 1
137 152 1
10 120 1
60 197 1
46 70 1
5 32 1
67 102 1
18 60 1
31 179 1
55 109 1
43 144 1
87 178 1
23 175 1
167 198 1
159 194 1
12 184 1
32 153 1
19 43 1
72 198 1
63 77 1
117 197 1
56 190 1
1 165 1
11 48 1
66 175 1
119 148 1
190 199 1
88 179 1
65 177 1
52 76 1
1 3 1
111 162 1
5 153 1
123 145 1
34 55 1
115 141 1
50 179 1
137 147 1
145 160 1
64 86 1
108 120 1
12 143 1
103 163 1
94 194 1
51 134 1
22 98 1
186 188 1
49 61 1
66 141 1
72 175 1
103 190 1
96 142 1
88 138 1
95 186 1
67 115 1
64 171 1
126 164 1
24 144 1
30 38 1
26 77 1
17 105 1
53 189 1
99 156 1
34 185 1
77 128 1
56 194 1
9 110 1
76 172 1
49 155 1
119 152 1
92 135 1
12 26 1
5 130 1
31 39 1
49 164 1
6 104 1
132 180 1
163 186 1
100 148 1
10 65 1
115 118 1
27 145 1
6 122 1
98 196 1
61 156 1
18 185 1
71 188 1
2 79 1
7 194 1
85 104 1
62 148 1
114 158 1
103 158 1
84 154 1
70 79 1
32 125 1
49 56 1
31 160 1
1 119 1
95 172 1
167 188 1
10 195 1
87 177 1
7 68 1
147 191 1
63 67 1
11 29 1
0 38 1
45 189 1
111 134 1
20 25 1
26 157 1
60 70 1
98 173 1
77 150 1
181 198 1
162 194 1
26 184 1
11 141 1
94 157 1
37 50 1
125 172 1
102 170 1
60 164 1
185 186 1
193 199 1
21 191 1
166 191 1
35 98 1
23 133 1
51 124 1
86 91 1
189 192 1
117 173 1
136 186 1
0 24 1
92 98 1
57 140 1
65 153 1
48 82 1
97 185 1
29 78 1
41 43 1
9 109 1
61 110 1
5 129 1
69 132 1
38 163 1
27 126 1
69 141 1
80 150 1
141 166 1
51 83 1
110 169 1
7 184 1
27 162 1
94 161 1
95 126 1
193 194 1
114 139 1
185 190 1
32 97 1
43 97 1
88 105 1
4 133 1
127 185 1
70 78 1
118 136 1
2 181 1
117 168 1
118 145 1
99 141 1
48 68 1
88 141 1
21 60 1
63 75 1
117 195 1
15 138 1
100 124 1
129 160 1
81 83 1
15 147 1
68 162 1
59 181 1
80 127 1
67 194 1
98 163 1
73 79 1
89 194 1
42 119 1
41 65 1
26 165 1
62 97 1
173 175 1
81 110 1
133 139 1
113 179 1
98 190 1
62 115 1
94 147 1
32 74 1
40 176 1
94 156 1
84 130 1
