500
397 459 1
284 402 1
149 357 1
269 273 1
309 495 1
101 280 1
173 305 1
11 243 1
291 297 1
237 326 1
117 181 1
174 306 1
66 215 1
246 411 1
301 347 1
269 394 1
161 452 1
107 481 1
34 268 1
205 266 1
225 244 1
161 488 1
84 125 1
363 443 1
14 289 1
40 427 1
302 347 1
328 485 1
1 90 1
152 259 1
292 419 1
5 60 1
69 490 1
357 399 1
65 111 1
35 348 1
390 396 1
80 499 1
250 273 1
270 480 1
64 146 1
14 145 1
73 231 1
155 270 1
114 232 1
52 437 1
140 141 1
3 401 1
182 403 1
36 169 1
127 287 1
59 418 1
151 415 1
22 270 1
187 194 1
145 377 1
453 493 1
17 457 1
226 451 1
265 293 1
419 436 1
63 280 1
179 491 1
161 177 1
32 441 1
346 488 1
52 270 1
338 484 1
70 175 1
42 342 1
188 349 1
181 420 1
227 387 1
54 87 1
233 467 1
334 370 1
280 399 1
70 440 1
52 126 1
68 479 1
238 402 1
80 224 1
374 442 1
87 120 1
258 496 1
117 377 1
2 161 1
1 345 1
456 480 1
407 475 1
313 468 1
166 269 1
365 478 1
32 189 1
23 220 1
78 156 1
75 496 1
98 134 1
16 181 1
169 423 1
61 332 1
169 194 1
28 155 1
26 374 1
335 455 1
54 64 1
72 490 1
59 408 1
42 355 1
8 362 1
223 250 1
213 322 1
285 490 1
104 415 1
97 290 1
49 479 1
136 367 1
188 414 1
155 237 1
345 477 1
43 175 1
69 313 1
120 395 1
67 389 1
87 218 1
341 363 1
189 494 1
264 408 1
190 230 1
127 290 1
224 488 1
211 289 1
383 481 1
90 228 1
15 234 1
132 490 1
27 208 1
133 226 1
65 320 1
110 471 1
149 170 1
228 463 1
11 465 1
284 480 1
43 188 1
143 275 1
76 185 1
176 309 1
131 157 1
28 410 1
128 497 1
7 207 1
258 463 1
163 491 1
37 86 1
10 132 1
190 328 1
3 93 1
139 362 1
11 213 1
291 496 1
31 191 1
418 457 1
209 463 1
52 479 1
113 117 1
333 349 1
93 251 1
245 385 1
264 398 1
17 149 1
110 340 1
322 376 1
14 223 1
362 412 1
463 464 1
414 459 1
146 150 1
13 264 1
265 479 1
78 244 1
70 240 1
164 167 1
156 163 1
93 372 1
250 472 1
364 457 1
91 219 1
24 129 1
277 309 1
15 309 1
160 398 1
67 127 1
232 423 1
99 159 1
84 445 1
429 479 1
341 366 1
80 145 1
85 260 1
23 285 1
231 234 1
402 461 1
160 290 1
147 356 1
428 455 1
274 397 1
74 372 1
41 195 1
20 401 1
32 375 1
38 306 1
271 428 1
49 315 1
358 396 1
143 242 1
76 152 1
249 260 1
7 318 1
8 283 1
85 237 1
159 223 1
243 445 1
117 226 1
202 413 1
263 280 1
15 178 1
46 431 1
11 324 1
265 469 1
213 279 1
132 205 1
159 308 1
44 92 1
50 172 1
411 443 1
276 484 1
302 356 1
352 473 1
239 416 1
66 116 1
305 398 1
30 193 1
251 427 1
167 168 1
336 385 1
302 392 1
220 439 1
287 349 1
24 384 1
238 493 1
64 191 1
142 376 1
9 112 1
136 216 1
234 459 1
99 414 1
279 381 1
240 273 1
203 471 1
237 384 1
61 387 1
141 416 1
92 411 1
361 419 1
70 243 1
270 417 1
384 439 1
162 475 1
145 422 1
197 432 1
357 421 1
255 410 1
88 382 1
47 344 1
335 402 1
178 455 1
45 191 1
378 480 1
211 223 1
83 303 1
10 53 1
209 299 1
194 399 1
26 406 1
20 283 1
5 383 1
6 348 1
92 388 1
44 311 1
3 459 1
381 490 1
199 370 1
17 479 1
311 431 1
49 282 1
358 363 1
229 249 1
21 220 1
108 188 1
6 469 1
340 345 1
126 385 1
11 435 1
469 495 1
40 318 1
80 125 1
46 398 1
193 331 1
52 292 1
158 310 1
2 62 1
340 466 1
261 322 1
30 389 1
32 90 1
325 343 1
58 228 1
134 483 1
120 319 1
239 419 1
93 185 1
9 79 1
68 128 1
261 443 1
260 478 1
367 461 1
39 479 1
66 204 1
12 233 1
191 464 1
37 406 1
305 486 1
69 129 1
139 453 1
113 172 1
401 459 1
152 392 1
252 479 1
223 452 1
68 249 1
84 114 1
341 444 1
74 329 1
172 486 1
279 469 1
5 229 1
58 241 1
457 475 1
69 250 1
113 293 1
20 214 1
5 85 1
170 418 1
222 428 1
122 490 1
21 295 1
62 67 1
85 459 1
319 397 1
166 304 1
98 398 1
157 484 1
10 285 1
139 286 1
76 266 1
416 451 1
204 272 1
40 429 1
220 396 1
259 473 1
10 406 1
261 433 1
209 243 1
169 170 1
44 435 1
100 336 1
172 175 1
271 483 1
136 258 1
420 462 1
193 383 1
191 310 1
245 430 1
290 352 1
148 497 1
0 370 1
188 341 1
233 312 1
357 378 1
315 381 1
312 492 1
9 311 1
14 389 1
234 429 1
61 92 1
18 130 1
112 323 1
164 333 1
99 240 1
132 237 1
145 356 1
53 93 1
112 179 1
252 302 1
43 308 1
121 493 1
375 409 1
12 357 1
65 332 1
226 286 1
245 299 1
10 167 1
264 312 1
55 318 1
89 131 1
134 319 1
199 448 1
126 198 1
204 383 1
30 81 1
370 415 1
135 283 1
95 247 1
118 459 1
200 269 1
358 477 1
270 364 1
41 361 1
80 203 1
193 229 1
304 362 1
344 398 1
1 324 1
187 451 1
293 432 1
198 460 1
118 351 1
258 331 1
369 427 1
101 118 1
113 358 1
73 285 1
45 223 1
39 63 1
96 454 1
31 324 1
44 114 1
75 367 1
41 374 1
341 486 1
221 341 1
25 366 1
207 406 1
64 357 1
90 495 1
65 322 1
71 253 1
163 336 1
389 419 1
140 352 1
5 307 1
6 272 1
45 200 1
252 413 1
358 431 1
350 427 1
9 134 1
39 305 1
92 168 1
65 214 1
16 29 1
312 436 1
289 452 1
359 404 1
365 447 1
220 474 1
359 489 1
24 419 1
90 364 1
157 274 1
174 363 1
45 478 1
180 294 1
185 372 1
172 253 1
277 455 1
284 351 1
105 120 1
384 438 1
56 78 1
41 364 1
429 445 1
201 209 1
239 464 1
18 316 1
188 239 1
25 212 1
284 472 1
55 383 1
116 250 1
62 279 1
154 362 1
30 326 1
266 423 1
318 470 1
161 257 1
52 350 1
360 466 1
73 144 1
324 400 1
110 440 1
62 400 1
374 486 1
8 20 1
158 224 1
23 179 1
304 427 1
114 446 1
68 150 1
33 458 1
44 467 1
79 345 1
180 248 1
237 373 1
76 190 1
362 404 1
309 398 1
86 469 1
111 413 1
447 448 1
138 287 1
56 68 1
181 477 1
105 375 1
204 317 1
108 380 1
277 301 1
280 492 1
326 459 1
247 315 1
45 180 1
296 436 1
203 208 1
182 185 1
248 359 1
234 461 1
348 446 1
228 301 1
133 149 1
317 495 1
392 409 1
55 229 1
7 189 1
22 52 1
25 323 1
154 208 1
173 221 1
4 120 1
397 460 1
3 304 1
168 371 1
36 72 1
92 498 1
38 298 1
386 450 1
102 282 1
355 499 1
207 484 1
0 271 1
0 42 1
86 194 1
114 292 1
113 413 1
187 362 1
360 433 1
72 295 1
19 140 1
39 118 1
332 371 1
76 265 1
122 152 1
107 109 1
152 260 1
9 477 1
18 31 1
89 91 1
350 361 1
155 451 1
55 98 1
0 19 1
39 239 1
406 441 1
37 166 1
110 299 1
222 440 1
199 493 1
95 292 1
275 488 1
44 326 1
166 172 1
264 478 1
143 188 1
7 35 1
346 404 1
387 405 1
50 491 1
83 259 1
108 203 1
5 339 1
6 304 1
218 483 1
197 280 1
161 214 1
341 410 1
39 108 1
112 178 1
196 437 1
271 351 1
128 302 1
381 482 1
160 334 1
300 494 1
93 344 1
279 471 1
138 352 1
24 330 1
4 123 1
130 348 1
21 441 1
355 466 1
99 360 1
18 286 1
427 454 1
37 385 1
199 218 1
331 337 1
77 341 1
128 423 1
249 304 1
192 444 1
20 72 1
318 440 1
61 369 1
370 450 1
172 465 1
79 423 1
57 255 1
229 447 1
255 356 1
41 167 1
133 250 1
406 408 1
36 317 1
81 468 1
316 371 1
161 168 1
240 461 1
107 197 1
86 174 1
272 301 1
358 453 1
84 250 1
143 299 1
301 364 1
412 460 1
245 432 1
110 387 1
49 228 1
343 446 1
140 495 1
38 484 1
97 304 1
478 490 1
297 335 1
242 399 1
251 484 1
31 215 1
2 417 1
266 347 1
29 291 1
168 449 1
283 436 1
21 287 1
42 81 1
7 123 1
172 419 1
420 441 1
24 441 1
211 267 1
7 388 1
322 400 1
209 343 1
134 200 1
26 486 1
214 457 1
260 424 1
301 462 1
133 240 1
31 192 1
185 250 1
344 423 1
289 487 1
81 458 1
26 342 1
214 313 1
157 453 1
89 398 1
357 478 1
274 300 1
253 277 1
280 380 1
272 376 1
91 364 1
236 453 1
97 258 1
397 407 1
130 292 1
123 167 1
168 318 1
12 336 1
93 144 1
250 473 1
31 169 1
36 284 1
97 114 1
2 142 1
82 251 1
87 366 1
109 125 1
73 431 1
361 489 1
85 405 1
259 478 1
117 394 1
204 362 1
35 175 1
47 149 1
286 431 1
139 232 1
85 261 1
1 447 1
290 321 1
268 382 1
46 455 1
193 388 1
57 464 1
212 487 1
292 367 1
58 200 1
113 252 1
373 440 1
217 309 1
262 460 1
3 120 1
89 123 1
35 152 1
42 48 1
168 187 1
309 312 1
388 456 1
85 418 1
145 289 1
2 240 1
351 394 1
263 281 1
47 162 1
11 325 1
320 406 1
185 361 1
92 170 1
285 448 1
3 470 1
4 57 1
252 271 1
115 382 1
341 465 1
99 294 1
178 358 1
31 159 1
21 231 1
5 286 1
152 305 1
143 485 1
189 452 1
143 256 1
62 268 1
221 441 1
356 485 1
288 467 1
175 181 1
120 245 1
172 255 1
78 248 1
55 493 1
2 109 1
18 462 1
342 443 1
207 398 1
152 462 1
19 198 1
25 358 1
74 134 1
225 303 1
57 310 1
97 117 1
106 202 1
8 45 1
19 283 1
72 209 1
64 434 1
197 469 1
105 243 1
105 472 1
110 321 1
295 483 1
262 306 1
288 444 1
7 345 1
168 262 1
153 399 1
208 335 1
387 486 1
112 367 1
133 161 1
63 362 1
83 340 1
89 234 1
75 336 1
136 315 1
116 373 1
15 290 1
126 386 1
24 375 1
238 484 1
210 236 1
409 482 1
116 229 1
172 389 1
4 433 1
319 408 1
12 257 1
272 333 1
214 391 1
162 201 1
46 435 1
78 467 1
31 126 1
143 367 1
281 417 1
211 358 1
311 445 1
55 339 1
72 428 1
105 462 1
55 375 1
256 365 1
50 117 1
49 152 1
180 492 1
80 139 1
219 483 1
312 382 1
223 453 1
28 214 1
22 54 1
78 480 1
13 91 1
109 324 1
166 449 1
326 438 1
18 285 1
23 400 1
98 314 1
170 419 1
167 450 1
64 437 1
218 495 1
71 333 1
138 243 1
130 239 1
383 419 1
267 473 1
340 457 1
49 430 1
219 316 1
170 311 1
156 376 1
208 423 1
283 337 1
41 166 1
184 331 1
69 493 1
94 437 1
56 145 1
156 232 1
22 152 1
134 330 1
47 325 1
172 356 1
327 379 1
328 344 1
359 448 1
245 346 1
163 393 1
123 320 1
88 399 1
146 340 1
220 289 1
301 363 1
67 196 1
132 405 1
224 259 1
70 201 1
432 437 1
142 226 1
43 67 1
102 153 1
172 477 1
99 264 1
60 156 1
106 123 1
339 474 1
92 225 1
265 296 1
9 456 1
315 382 1
301 484 1
321 462 1
259 487 1
108 434 1
290 474 1
140 386 1
11 272 1
271 497 1
138 233 1
243 249 1
162 181 1
205 259 1
131 193 1
61 214 1
15 18 1
39 375 1
47 50 1
192 325 1
21 443 1
22 142 1
106 401 1
48 51 1
104 477 1
193 289 1
218 462 1
51 205 1
317 441 1
183 361 1
54 476 1
341 389 1
191 481 1
73 80 1
112 337 1
19 109 1
179 327 1
413 414 1
70 191 1
115 342 1
370 452 1
290 343 1
134 441 1
276 445 1
103 108 1
73 345 1
114 346 1
119 461 1
256 466 1
77 235 1
295 394 1
268 440 1
22 119 1
67 307 1
368 384 1
2 406 1
189 412 1
82 286 1
290 464 1
6 296 1
440 488 1
68 387 1
255 479 1
316 458 1
8 342 1
142 193 1
73 322 1
4 488 1
193 387 1
199 318 1
98 415 1
90 411 1
68 472 1
47 449 1
343 448 1
323 353 1
61 204 1
119 474 1
320 464 1
269 498 1
230 427 1
22 132 1
45 381 1
111 326 1
225 348 1
365 471 1
43 191 1
238 287 1
128 415 1
95 467 1
429 492 1
67 405 1
187 321 1
147 248 1
243 481 1
117 262 1
28 184 1
65 480 1
18 219 1
17 440 1
63 407 1
112 183 1
445 472 1
252 306 1
50 208 1
396 436 1
74 156 1
273 365 1
26 79 1
37 354 1
379 383 1
46 94 1
57 103 1
69 306 1
396 472 1
189 222 1
188 443 1
15 335 1
107 189 1
82 132 1
315 483 1
93 290 1
233 450 1
118 463 1
328 422 1
171 475 1
194 458 1
374 425 1
119 284 1
105 386 1
61 459 1
289 466 1
138 154 1
281 462 1
108 162 1
179 451 1
46 336 1
285 352 1
130 186 1
75 250 1
15 348 1
255 446 1
95 457 1
0 485 1
196 360 1
286 433 1
40 112 1
170 487 1
350 454 1
310 381 1
182 461 1
149 284 1
45 492 1
86 493 1
319 466 1
166 373 1
27 178 1
113 218 1
340 489 1
233 283 1
49 462 1
30 183 1
170 343 1
407 435 1
38 309 1
23 180 1
50 283 1
123 267 1
283 405 1
140 356 1
181 357 1
260 272 1
147 215 1
298 384 1
35 419 1
76 191 1
161 415 1
356 474 1
34 460 1
12 292 1
339 421 1
13 28 1
15 446 1
215 471 1
33 351 1
73 158 1
77 277 1
336 388 1
396 439 1
268 482 1
294 391 1
280 493 1
119 130 1
28 128 1
67 385 1
147 228 1
20 44 1
121 441 1
172 257 1
372 468 1
331 430 1
144 195 1
91 189 1
163 294 1
2 111 1
488 499 1
106 168 1
346 415 1
210 405 1
306 342 1
31 174 1
63 472 1
150 360 1
314 462 1
421 445 1
286 400 1
89 380 1
51 237 1
261 492 1
260 347 1
131 382 1
332 372 1
27 181 1
254 309 1
218 386 1
158 192 1
365 405 1
148 327 1
52 439 1
48 60 1
187 255 1
167 197 1
284 453 1
35 386 1
410 412 1
330 340 1
129 170 1
219 472 1
285 417 1
343 395 1
22 43 1
267 485 1
313 372 1
265 295 1
3 66 1
287 499 1
19 419 1
106 158 1
57 302 1
143 454 1
264 335 1
87 410 1
141 301 1
232 419 1
205 402 1
40 69 1
45 184 1
164 284 1
116 473 1
131 336 1
1 406 1
143 310 1
229 350 1
129 183 1
13 237 1
158 326 1
152 166 1
49 419 1
16 242 1
15 426 1
215 451 1
81 371 1
141 422 1
107 280 1
155 177 1
294 335 1
199 363 1
2 343 1
271 388 1
249 449 1
436 455 1
165 486 1
64 403 1
10 432 1
170 421 1
77 113 1
147 437 1
221 243 1
280 329 1
320 365 1
89 203 1
369 486 1
125 162 1
103 372 1
279 485 1
147 149 1
287 309 1
306 322 1
44 173 1
332 460 1
315 407 1
213 396 1
26 124 1
380 393 1
211 435 1
69 351 1
175 369 1
402 411 1
2 32 1
12 262 1
167 285 1
53 263 1
118 243 1
150 461 1
42 370 1
55 452 1
281 386 1
5 451 1
49 265 1
149 352 1
175 490 1
14 307 1
201 399 1
106 390 1
167 406 1
119 329 1
259 260 1
31 216 1
38 112 1
95 237 1
199 474 1
260 304 1
400 464 1
65 394 1
44 271 1
70 180 1
150 438 1
369 476 1
187 356 1
59 436 1
19 363 1
253 301 1
105 323 1
262 386 1
416 444 1
55 56 1
60 400 1
140 280 1
181 281 1
25 150 1
306 312 1
177 427 1
457 481 1
81 459 1
19 255 1
180 209 1
18 110 1
38 125 1
177 283 1
390 427 1
277 370 1
89 170 1
54 478 1
127 282 1
62 73 1
67 417 1
54 69 1
152 375 1
397 408 1
9 183 1
410 490 1
115 164 1
154 421 1
173 434 1
112 424 1
346 362 1
3 288 1
303 400 1
194 493 1
36 56 1
102 230 1
214 471 1
187 454 1
221 367 1
167 396 1
387 399 1
128 404 1
194 349 1
294 436 1
207 288 1
137 489 1
338 479 1
70 170 1
370 431 1
362 427 1
441 491 1
254 256 1
65 469 1
45 262 1
68 474 1
124 146 1
14 274 1
21 170 1
260 415 1
375 402 1
33 373 1
287 289 1
284 400 1
230 429 1
262 461 1
297 339 1
102 243 1
129 346 1
249 262 1
419 444 1
185 277 1
151 364 1
118 187 1
177 273 1
218 274 1
197 251 1
176 314 1
441 468 1
25 261 1
19 101 1
412 441 1
205 228 1
119 188 1
32 40 1
264 426 1
75 347 1
97 285 1
302 394 1
207 422 1
93 400 1
78 128 1
83 472 1
262 474 1
68 343 1
314 484 1
302 430 1
106 455 1
23 457 1
4 215 1
218 287 1
191 270 1
150 418 1
49 186 1
183 451 1
90 223 1
124 136 1
99 308 1
133 221 1
186 196 1
163 329 1
29 249 1
229 274 1
37 369 1
51 416 1
196 362 1
201 477 1
119 407 1
352 380 1
392 422 1
262 343 1
21 366 1
161 260 1
267 278 1
226 426 1
173 234 1
53 89 1
258 458 1
11 172 1
250 454 1
150 287 1
2 123 1
27 445 1
415 441 1
179 430 1
10 392 1
266 318 1
425 491 1
76 337 1
238 256 1
71 79 1
348 387 1
187 290 1
110 335 1
196 375 1
411 412 1
153 413 1
75 85 1
139 249 1
60 105 1
126 279 1
379 496 1
72 79 1
318 486 1
69 419 1
215 473 1
28 238 1
180 372 1
37 94 1
216 474 1
357 413 1
47 107 1
300 324 1
192 382 1
212 360 1
130 407 1
124 247 1
236 388 1
171 179 1
316 417 1
53 452 1
227 339 1
287 390 1
97 229 1
284 321 1
10 81 1
150 241 1
15 425 1
175 414 1
175 185 1
181 228 1
361 424 1
266 452 1
233 275 1
178 339 1
332 397 1
218 375 1
258 448 1
16 277 1
231 314 1
336 367 1
74 367 1
34 331 1
39 369 1
311 459 1
16 133 1
168 410 1
170 191 1
1 382 1
87 193 1
113 331 1
188 245 1
347 418 1
92 128 1
171 421 1
137 279 1
9 359 1
120 455 1
295 307 1
0 310 1
224 283 1
10 323 1
69 409 1
135 354 1
67 485 1
27 412 1
48 206 1
8 170 1
287 488 1
361 437 1
174 202 1
214 238 1
465 494 1
416 489 1
228 438 1
235 297 1
276 335 1
59 337 1
78 350 1
100 109 1
410 414 1
88 400 1
148 414 1
19 300 1
105 489 1
372 424 1
30 129 1
197 306 1
88 256 1
8 147 1
53 298 1
118 278 1
37 61 1
84 142 1
14 306 1
283 351 1
363 460 1
200 353 1
18 276 1
84 407 1
101 310 1
335 397 1
4 414 1
380 405 1
344 482 1
156 282 1
84 263 1
410 427 1
15 163 1
47 195 1
46 416 1
98 197 1
36 451 1
262 385 1
108 327 1
435 456 1
67 475 1
128 305 1
148 283 1
177 426 1
9 470 1
303 422 1
363 473 1
169 342 1
255 382 1
18 289 1
39 232 1
291 304 1
351 355 1
108 219 1
29 75 1
3 431 1
39 88 1
36 199 1
329 452 1
28 195 1
142 217 1
7 172 1
242 304 1
78 461 1
93 324 1
13 72 1
38 245 1
257 432 1
83 167 1
16 77 1
21 192 1
19 411 1
41 170 1
375 424 1
206 466 1
326 419 1
320 488 1
93 180 1
59 75 1
158 197 1
65 118 1
189 413 1
107 380 1
253 434 1
116 465 1
117 430 1
291 317 1
263 484 1
75 284 1
97 451 1
104 347 1
165 177 1
8 379 1
12 120 1
438 457 1
417 434 1
314 421 1
176 228 1
109 138 1
308 347 1
167 408 1
170 413 1
17 320 1
57 356 1
63 287 1
57 127 1
58 92 1
22 398 1
337 410 1
120 412 1
199 476 1
4 237 1
318 433 1
278 360 1
116 298 1
2 47 1
47 198 1
202 221 1
433 499 1
239 368 1
30 374 1
37 270 1
343 462 1
127 163 1
113 265 1
227 250 1
158 416 1
467 497 1
446 474 1
196 299 1
55 323 1
109 151 1
253 424 1
214 316 1
346 472 1
312 330 1
138 443 1
203 423 1
123 314 1
84 243 1
50 330 1
72 497 1
173 400 1
198 344 1
130 475 1
65 229 1
162 427 1
8 369 1
103 112 1
80 208 1
141 224 1
181 260 1
18 233 1
52 146 1
284 389 1
230 418 1
61 460 1
190 345 1
18 498 1
133 485 1
72 389 1
118 356 1
145 459 1
11 230 1
185 266 1
364 497 1
109 393 1
176 303 1
302 442 1
214 329 1
191 462 1
32 438 1
412 430 1
0 342 1
213 486 1
121 223 1
11 351 1
57 467 1
78 261 1
149 321 1
169 299 1
176 195 1
1 77 1
53 353 1
251 454 1
90 271 1
57 323 1
317 399 1
288 372 1
194 328 1
61 64 1
408 437 1
107 180 1
27 71 1
365 475 1
78 153 1
296 461 1
7 358 1
441 470 1
40 126 1
79 383 1
316 475 1
249 385 1
87 323 1
5 433 1
286 303 1
44 361 1
8 215 1
19 453 1
44 397 1
193 489 1
359 409 1
346 439 1
192 381 1
177 252 1
417 499 1
130 177 1
283 419 1
389 437 1
161 393 1
98 373 1
50 333 1
15 195 1
175 184 1
167 329 1
266 451 1
59 238 1
231 493 1
164 174 1
194 462 1
113 245 1
73 172 1
213 332 1
98 494 1
259 448 1
310 493 1
223 345 1
160 405 1
348 376 1
93 415 1
195 283 1
326 474 1
158 481 1
167 221 1
199 253 1
130 419 1
219 231 1
57 169 1
335 442 1
179 311 1
31 296 1
236 436 1
238 366 1
50 166 1
114 330 1
201 335 1
80 188 1
26 446 1
153 258 1
361 436 1
25 338 1
233 287 1
225 283 1
156 412 1
264 274 1
95 173 1
185 475 1
137 435 1
285 333 1
58 291 1
3 355 1
270 290 1
235 332 1
113 343 1
19 299 1
306 392 1
119 386 1
144 330 1
17 375 1
10 250 1
31 44 1
292 314 1
48 362 1
0 322 1
273 480 1
206 390 1
426 430 1
45 64 1
124 357 1
90 215 1
91 180 1
296 320 1
19 191 1
280 461 1
182 334 1
183 299 1
94 450 1
136 187 1
48 74 1
159 436 1
70 358 1
439 490 1
95 451 1
188 499 1
328 393 1
78 218 1
9 384 1
128 484 1
129 449 1
160 287 1
7 194 1
53 310 1
413 473 1
262 420 1
136 344 1
75 185 1
188 391 1
166 223 1
105 213 1
35 377 1
310 316 1
22 178 1
429 453 1
219 463 1
10 60 1
462 486 1
72 300 1
259 392 1
178 318 1
94 175 1
195 227 1
200 342 1
63 453 1
97 329 1
338 392 1
258 283 1
9 253 1
277 296 1
122 422 1
86 356 1
92 107 1
191 229 1
170 435 1
391 403 1
142 373 1
262 289 1
54 260 1
20 496 1
253 469 1
173 360 1
20 267 1
400 488 1
360 415 1
224 262 1
82 178 1
102 156 1
476 483 1
227 416 1
77 248 1
322 461 1
147 163 1
246 322 1
151 313 1
177 451 1
98 307 1
124 445 1
191 206 1
359 464 1
166 298 1
32 218 1
151 169 1
192 207 1
108 473 1
83 300 1
41 303 1
221 499 1
349 419 1
34 35 1
404 471 1
275 326 1
194 252 1
195 217 1
111 254 1
311 428 1
77 261 1
65 107 1
169 344 1
62 218 1
80 266 1
109 150 1
104 480 1
105 445 1
233 365 1
217 357 1
110 294 1
197 262 1
54 479 1
88 392 1
134 359 1
442 475 1
256 348 1
93 470 1
20 257 1
221 247 1
53 254 1
150 452 1
102 146 1
94 142 1
139 293 1
413 453 1
10 328 1
210 353 1
2 324 1
169 321 1
185 445 1
232 377 1
313 451 1
9 485 1
98 297 1
387 400 1
91 258 1
241 462 1
88 369 1
180 452 1
253 436 1
183 377 1
269 380 1
483 489 1
55 191 1
40 328 1
193 390 1
90 414 1
4 82 1
102 388 1
316 497 1
148 275 1
33 145 1
169 334 1
136 157 1
106 394 1
78 152 1
83 267 1
148 396 1
389 459 1
340 417 1
400 468 1
52 279 1
199 298 1
298 420 1
243 484 1
70 184 1
423 451 1
2 49 1
88 467 1
183 210 1
121 235 1
77 457 1
24 73 1
103 366 1
222 317 1
42 207 1
114 375 1
221 358 1
181 285 1
167 387 1
112 451 1
53 136 1
278 483 1
228 253 1
160 198 1
365 487 1
338 470 1
259 326 1
35 432 1
223 403 1
31 53 1
81 319 1
361 373 1
233 453 1
226 414 1
65 231 1
291 394 1
97 263 1
310 407 1
374 428 1
81 175 1
266 486 1
132 257 1
34 100 1
85 145 1
40 259 1
60 237 1
246 364 1
373 468 1
52 233 1
38 335 1
31 210 1
180 455 1
59 394 1
401 423 1
100 166 1
338 483 1
49 200 1
268 387 1
39 335 1
239 360 1
212 492 1
244 295 1
18 477 1
153 293 1
207 413 1
253 380 1
72 368 1
190 360 1
62 440 1
177 241 1
76 338 1
149 179 1
283 408 1
19 478 1
437 466 1
11 474 1
158 493 1
178 471 1
35 193 1
61 331 1
330 376 1
421 494 1
123 162 1
148 484 1
34 90 1
59 263 1
384 468 1
237 269 1
228 449 1
32 394 1
32 165 1
217 327 1
117 389 1
220 481 1
81 286 1
218 291 1
485 492 1
236 425 1
237 390 1
271 303 1
147 496 1
327 463 1
319 459 1
64 89 1
108 132 1
227 461 1
273 348 1
219 377 1
59 96 1
17 279 1
156 437 1
24 138 1
257 489 1
257 260 1
48 86 1
12 20 1
3 200 1
369 437 1
110 182 1
62 142 1
27 413 1
201 337 1
121 228 1
288 305 1
266 466 1
250 458 1
63 223 1
217 281 1
97 99 1
82 236 1
3 92 1
102 214 1
334 457 1
140 326 1
338 427 1
3 357 1
250 314 1
170 205 1
128 208 1
153 381 1
53 214 1
119 388 1
64 452 1
265 442 1
351 402 1
128 473 1
0 324 1
139 482 1
67 234 1
2 104 1
108 351 1
435 480 1
202 278 1
54 151 1
447 491 1
279 498 1
193 458 1
125 440 1
52 190 1
197 199 1
208 474 1
409 464 1
428 477 1
152 313 1
159 209 1
43 406 1
291 328 1
302 486 1
381 401 1
100 388 1
392 416 1
230 354 1
403 425 1
333 446 1
152 434 1
146 211 1
166 189 1
196 477 1
171 304 1
248 258 1
72 410 1
345 456 1
151 325 1
158 221 1
110 293 1
270 282 1
316 398 1
335 411 1
300 390 1
30 300 1
266 397 1
57 403 1
285 410 1
451 479 1
209 308 1
142 218 1
67 453 1
162 196 1
423 496 1
310 439 1
289 416 1
110 185 1
22 301 1
183 255 1
181 474 1
43 95 1
168 355 1
80 242 1
306 325 1
135 443 1
154 493 1
142 339 1
1 134 1
141 294 1
133 290 1
93 217 1
10 219 1
183 376 1
202 389 1
39 102 1
42 373 1
2 71 1
162 438 1
108 318 1
295 324 1
293 363 1
102 423 1
84 146 1
68 281 1
141 271 1
131 486 1
105 434 1
332 476 1
84 411 1
65 132 1
244 363 1
291 295 1
62 472 1
9 88 1
19 281 1
113 145 1
158 296 1
277 396 1
182 424 1
83 302 1
103 280 1
464 488 1
28 186 1
47 199 1
161 486 1
268 432 1
60 403 1
67 299 1
166 421 1
206 228 1
385 459 1
178 395 1
97 321 1
397 470 1
40 461 1
155 448 1
9 65 1
207 458 1
37 392 1
244 376 1
237 337 1
127 465 1
189 260 1
288 419 1
133 136 1
90 403 1
123 351 1
290 348 1
1 245 1
22 39 1
187 372 1
114 122 1
119 466 1
200 311 1
71 426 1
219 324 1
238 423 1
438 448 1
395 486 1
41 174 1
287 315 1
25 166 1
438 484 1
63 278 1
0 487 1
302 443 1
327 387 1
260 297 1
11 267 1
77 361 1
243 473 1
404 427 1
269 382 1
249 324 1
110 129 1
128 263 1
48 154 1
253 294 1
151 246 1
256 448 1
1 487 1
69 213 1
38 491 1
197 398 1
243 365 1
136 388 1
157 182 1
99 357 1
26 107 1
191 440 1
324 475 1
171 382 1
123 305 1
90 128 1
282 478 1
300 383 1
240 481 1
245 416 1
196 411 1
161 453 1
48 396 1
133 211 1
211 310 1
397 437 1
275 331 1
106 373 1
111 308 1
110 492 1
14 375 1
189 227 1
35 169 1
234 415 1
201 238 1
7 107 1
220 251 1
338 472 1
452 457 1
178 254 1
103 489 1
115 314 1
35 205 1
101 379 1
290 315 1
113 390 1
128 253 1
335 466 1
11 342 1
265 487 1
111 200 1
256 438 1
362 456 1
214 441 1
220 372 1
87 108 1
247 475 1
92 452 1
98 495 1
238 426 1
208 483 1
408 428 1
151 357 1
238 282 1
89 153 1
437 491 1
106 471 1
127 265 1
28 143 1
48 121 1
118 445 1
24 438 1
60 95 1
352 383 1
64 245 1
155 369 1
148 244 1
140 240 1
150 290 1
260 421 1
127 157 1
356 358 1
13 141 1
365 443 1
28 300 1
69 301 1
6 281 1
186 477 1
78 386 1
152 335 1
31 454 1
366 444 1
318 404 1
196 378 1
9 143 1
62 298 1
75 88 1
308 439 1
80 166 1
231 484 1
178 329 1
182 479 1
94 366 1
247 465 1
73 163 1
253 359 1
313 410 1
285 311 1
348 367 1
408 418 1
185 489 1
263 445 1
195 310 1
220 483 1
27 317 1
167 477 1
159 473 1
30 322 1
171 218 1
383 446 1
50 157 1
107 282 1
13 275 1
205 296 1
224 309 1
19 434 1
53 347 1
214 264 1
6 235 1
459 477 1
97 353 1
43 382 1
263 422 1
295 454 1
121 338 1
55 127 1
107 403 1
227 319 1
440 463 1
147 210 1
338 452 1
298 379 1
119 148 1
189 472 1
31 35 1
351 391 1
271 282 1
242 484 1
254 458 1
319 438 1
104 370 1
214 421 1
6 392 1
51 134 1
57 65 1
28 267 1
228 441 1
428 466 1
382 499 1
300 317 1
38 317 1
118 160 1
16 149 1
458 494 1
160 422 1
362 377 1
113 347 1
93 481 1
368 457 1
93 252 1
45 212 1
104 118 1
42 143 1
295 323 1
332 390 1
150 499 1
330 466 1
162 473 1
263 376 1
143 194 1
167 179 1
130 377 1
108 209 1
41 219 1
241 244 1
127 222 1
1 146 1
106 428 1
32 399 1
378 478 1
379 443 1
91 305 1
38 150 1
344 485 1
210 256 1
370 394 1
262 303 1
34 445 1
120 448 1
249 333 1
308 419 1
126 262 1
112 364 1
173 194 1
192 473 1
218 345 1
22 470 1
55 238 1
395 423 1
455 474 1
19 401 1
193 437 1
52 169 1
42 421 1
183 280 1
269 283 1
60 438 1
47 90 1
12 398 1
132 314 1
288 418 1
280 334 1
185 325 1
58 370 1
402 439 1
160 268 1
234 303 1
79 429 1
212 464 1
46 252 1
184 482 1
196 456 1
63 192 1
83 170 1
242 343 1
14 70 1
96 109 1
91 439 1
249 467 1
40 473 1
127 441 1
99 379 1
158 465 1
59 343 1
43 218 1
130 223 1
343 367 1
254 438 1
233 235 1
44 70 1
210 331 1
171 260 1
108 320 1
94 156 1
40 185 1
87 117 1
